-0.046902 
0.049827 
-0.011674 
-0.052815 
0.110123 
-0.101843 
0.026925 
-0.014799 
0.046242 
0.013628 
-0.133595 
0.085913 
-0.004692 
0.030086 
-0.072457 
0.023383 
0.014031 
0.060331 
-0.090022 
-0.011913 
0.067237 
-0.042405 
-0.007547 
-0.031122 
0.035076 
0.004148 
0.050023 
-0.091204 
-0.010880 
0.057592 
-0.021155 
0.016709 
-0.004464 
0.001913 
-0.028900 
0.060244 
-0.053118 
0.009036 
0.035854 
-0.040831 
0.030873 
-0.017796 
0.062494 
-0.041721 
-0.057306 
0.090306 
-0.041166 
-0.075640 
0.042057 
0.051153 
-0.044183 
0.051102 
0.028732 
-0.115193 
0.033132 
-0.013035 
0.067029 
-0.011223 
-0.052433 
0.022934 
0.033610 
-0.026159 
0.068401 
-0.023249 
-4.883469 
-4.675780 
-4.370016 
-5.016353 
-3.866359 
-5.010893 
-4.671893 
-4.452223 
-4.551088 
-4.357930 
-4.788972 
-4.496396 
-4.460614 
-4.430739 
-4.565985 
-4.056872 
-4.788378 
-4.464951 
-4.157848 
-4.650280 
-4.225308 
-4.025671 
-4.462442 
-3.978912 
-3.769144 
-3.856093 
-3.996095 
2.755087 
-12.166948 
-4.137309 
-5.723359 
-4.885387 
-4.851807 
-4.861245 
-4.578525 
-4.386311 
-5.260871 
-3.795598 
-5.059894 
-4.189063 
-4.837129 
-4.190576 
-4.432066 
-4.565667 
-4.853790 
-3.969985 
-4.418934 
-4.278168 
-4.409550 
-4.348021 
-4.086198 
-4.470078 
-4.536334 
-3.813590 
-4.851194 
-3.905078 
-4.555782 
-4.254257 
-4.209123 
-4.325148 
-4.043532 
-4.604163 
-4.142857 
-4.245985 
0.009194 
0.010244 
0.036739 
-0.049103 
0.034705 
0.001467 
0.045602 
-0.069155 
0.046568 
0.024049 
-0.048070 
0.029504 
0.036128 
-0.064745 
0.067845 
-0.061480 
0.043148 
-0.011180 
0.045568 
-0.069892 
0.044501 
-0.004331 
0.009812 
0.001417 
0.005949 
0.000349 
0.009952 
-0.004862 
0.014159 
-0.007401 
0.043124 
-0.071595 
0.040136 
0.026113 
-0.055644 
0.039232 
-0.006857 
0.010840 
-0.003594 
0.017689 
-0.005118 
0.031982 
-0.032562 
-0.016178 
0.021012 
0.037242 
-0.027230 
-0.036290 
0.064850 
-0.025077 
-0.012273 
-0.024142 
0.031427 
0.011235 
-0.003060 
0.037661 
-0.060213 
0.038895 
-0.004860 
0.010260 
0.003480 
0.006051 
0.005615 
0.007837 
4.831270 
4.890553 
4.397604 
5.034348 
3.911316 
4.973396 
4.911473 
4.268686 
4.660172 
4.432519 
4.715453 
4.661053 
4.403025 
4.516804 
4.424834 
4.178846 
4.702933 
4.515986 
4.066074 
4.610354 
4.217457 
4.070643 
4.337389 
3.970866 
3.802869 
3.693860 
4.174173 
-3.113828 
12.383917 
3.968656 
5.770318 
4.805022 
4.949853 
4.715521 
4.646155 
4.369830 
5.241045 
3.874665 
4.943788 
4.233051 
4.671588 
4.346807 
4.358313 
4.681212 
4.606586 
4.236787 
4.185136 
4.346198 
4.441726 
4.276936 
4.189046 
4.376324 
4.628375 
3.711254 
4.886259 
3.920111 
4.528219 
4.290858 
4.141623 
4.420442 
3.964852 
4.499339 
4.256502 
4.187636 
0.096057 
-0.150531 
0.081886 
-0.037694 
0.045210 
0.030670 
-0.021574 
-0.007989 
0.004355 
0.015193 
0.014974 
-0.068063 
0.077491 
-0.089317 
0.012926 
0.100979 
-0.102997 
0.016699 
0.076121 
-0.011687 
-0.154971 
0.245571 
-0.293343 
0.197498 
-0.087682 
0.068765 
0.011082 
-0.079798 
0.047136 
-0.007496 
-0.016781 
0.070705 
-0.119259 
0.090968 
-0.031687 
0.096653 
-0.122159 
0.048790 
-0.041824 
0.067833 
-0.030069 
-0.029557 
0.031137 
0.046248 
-0.077584 
0.143641 
-0.203895 
0.144761 
-0.088594 
0.123888 
-0.119762 
0.064589 
-0.025391 
-0.053331 
0.044222 
-0.039716 
0.029854 
0.103264 
-0.188798 
0.133583 
-0.085347 
0.144664 
-0.187500 
0.145460 
-0.055179 
0.025788 
-0.002946 
0.000919 
-0.003535 
0.004205 
0.007197 
-0.007799 
0.008231 
0.001922 
0.003326 
-0.001550 
-0.000362 
0.007260 
-0.005026 
0.005031 
-0.000064 
0.000823 
0.004981 
-0.006637 
0.008877 
-0.001282 
0.000240 
0.002519 
-0.002386 
0.005893 
0.001270 
-0.004455 
0.005274 
-0.002793 
0.002781 
-0.001476 
0.010498 
-0.005796 
0.000567 
0.005491 
-0.004065 
0.000900 
-0.000680 
0.005932 
-0.002675 
-0.001326 
0.004953 
-0.000987 
-0.001559 
0.004567 
0.001667 
-0.002330 
0.000798 
0.003415 
-0.002965 
-0.000634 
0.005687 
-0.011702 
0.014098 
-0.009354 
0.007798 
-0.004396 
0.003426 
-0.005312 
0.001864 
-0.003472 
-0.000253 
-0.088826 
-0.000341 
-0.000071 
-0.000378 
0.000084 
-0.000703 
0.000150 
0.000379 
-0.000136 
0.000655 
-0.001354 
0.000255 
0.000000 
-0.000369 
0.000552 
-0.000614 
-0.000508 
0.001161 
-0.001597 
0.001361 
-0.000919 
-0.000328 
0.000851 
-0.000988 
-0.000871 
0.001092 
-0.000396 
0.000092 
-0.000478 
-0.001329 
0.002282 
-0.001561 
-0.000234 
0.000458 
-0.002349 
0.003055 
-0.003174 
0.002873 
-0.003315 
0.001616 
-0.000845 
-0.000016 
-0.000573 
0.000814 
-0.001986 
0.001635 
-0.001384 
0.000691 
-0.001766 
0.001789 
-0.001403 
-0.000723 
0.000104 
-0.000241 
0.000366 
-0.002160 
0.000396 
-0.000574 
-0.000733 
-0.001416 
-0.001624 
-0.000836 
-0.002024 
-0.004592 
-0.044956 
-0.001575 
0.031268 
0.008143 
-0.042052 
0.061621 
-0.036817 
0.013451 
-0.014090 
0.024730 
-0.016747 
-0.038070 
0.058194 
-0.012750 
0.018923 
-0.102242 
0.079676 
-0.011478 
0.025511 
-0.023608 
-0.050539 
0.044461 
-0.010693 
0.013534 
-0.048243 
0.013250 
0.028918 
0.012819 
-0.038687 
-0.019080 
0.045268 
-0.024903 
0.017670 
-0.008904 
0.006078 
-0.032785 
0.039379 
-0.031764 
0.024390 
0.020091 
-0.037549 
0.015671 
-0.007032 
0.041960 
-0.028196 
-0.039096 
0.044223 
-0.029088 
-0.004848 
0.024436 
0.010158 
-0.008281 
0.022917 
0.039785 
-0.118445 
0.049489 
-0.001865 
0.054159 
-0.015365 
-0.047164 
0.022113 
0.034110 
-0.024696 
0.068328 
-0.034711 
-4.729089 
-4.879348 
-4.397842 
-5.037303 
-3.868942 
-5.045506 
-4.753827 
-4.441203 
-4.653113 
-4.455686 
-4.703629 
-4.672357 
-4.456453 
-4.392471 
-4.569271 
-4.063843 
-4.745575 
-4.511060 
-4.057496 
-4.651690 
-4.185591 
-3.995928 
-4.431555 
-3.972525 
-3.670716 
-3.882057 
-3.963009 
2.823335 
-12.242041 
-3.965503 
-5.818189 
-4.814917 
-4.878993 
-4.773813 
-4.620014 
-4.348348 
-5.250571 
-3.801284 
-5.029452 
-4.233065 
-4.732102 
-4.253929 
-4.359922 
-4.678660 
-4.688906 
-4.053473 
-4.411705 
-4.256060 
-4.377114 
-4.335362 
-4.177558 
-4.401034 
-4.622607 
-3.644737 
-4.971575 
-3.852479 
-4.541926 
-4.333965 
-4.164311 
-4.355132 
-3.991656 
-4.535849 
-4.183130 
-4.253609 
0.000289 
0.000063 
0.000400 
-0.000083 
0.000798 
-0.000313 
-0.000285 
0.000251 
-0.000741 
0.001381 
-0.000165 
-0.000017 
0.000450 
-0.000521 
0.000536 
0.000549 
-0.000998 
0.001449 
-0.001334 
0.000993 
0.000539 
-0.001108 
0.001298 
0.000800 
-0.001063 
0.000452 
-0.000169 
0.000794 
0.001247 
-0.002257 
0.001555 
0.000412 
-0.000469 
0.002621 
-0.003182 
0.003357 
-0.002913 
0.003606 
-0.001717 
0.001120 
-0.000129 
0.000991 
-0.000810 
0.002136 
-0.001552 
0.001622 
-0.000631 
0.002074 
-0.001743 
0.001761 
0.000836 
0.000298 
0.000501 
0.000011 
0.002519 
0.000040 
0.001031 
0.001367 
0.002170 
0.002426 
0.002083 
0.003657 
0.007143 
0.052643 
0.000701 
-0.035825 
-0.010525 
0.040290 
-0.062591 
0.035909 
-0.014464 
0.013782 
-0.025549 
0.016449 
0.037660 
-0.059016 
0.012799 
-0.019533 
0.102104 
-0.080285 
0.011022 
-0.025306 
0.023351 
0.050039 
-0.044907 
0.010872 
-0.014497 
0.048753 
-0.013690 
-0.029025 
-0.013157 
0.038437 
0.018994 
-0.045465 
0.024286 
-0.017372 
0.008628 
-0.006007 
0.032151 
-0.039181 
0.031715 
-0.024664 
-0.019873 
0.036757 
-0.014789 
0.006332 
-0.042375 
0.028983 
0.038579 
-0.044589 
0.029675 
0.004271 
-0.024459 
-0.010035 
0.008496 
-0.023197 
-0.040150 
0.118825 
-0.049799 
0.002329 
-0.054447 
0.015399 
0.047169 
-0.022230 
-0.034273 
0.024792 
-0.068305 
0.033420 
4.730482 
4.879770 
4.398073 
5.037546 
3.869113 
5.045704 
4.754008 
4.441388 
4.653246 
4.455960 
4.703711 
4.672519 
4.456594 
4.392665 
4.569486 
4.063882 
4.745813 
4.511216 
4.057649 
4.651797 
4.185891 
3.995901 
4.431865 
3.972641 
3.670874 
3.882166 
3.963324 
-2.823337 
12.242377 
3.965494 
5.818413 
4.815123 
4.879072 
4.774102 
4.620039 
4.348528 
5.250840 
3.801290 
5.029794 
4.233042 
4.732360 
4.254104 
4.360009 
4.678917 
4.689051 
4.053555 
4.411990 
4.256062 
4.377337 
4.335512 
4.177724 
4.401170 
4.622710 
3.644965 
4.971807 
3.852523 
4.542050 
4.334186 
4.164417 
4.355313 
3.991797 
4.536015 
4.183287 
4.253788 
6.641338 
6.605197 
6.200177 
6.677524 
5.239996 
7.380241 
5.921627 
6.491115 
6.068214 
6.097800 
5.417811 
6.544334 
6.104275 
5.674825 
6.085477 
6.110630 
5.143909 
6.037623 
5.186610 
5.945955 
5.300493 
5.010454 
5.542506 
4.990290 
5.210026 
5.233196 
4.811652 
5.486284 
4.368553 
4.667406 
4.448302 
5.097734 
3.728040 
4.094605 
4.927137 
3.292744 
3.997601 
4.356809 
3.209171 
3.872956 
2.995018 
3.793662 
2.314501 
3.523555 
2.682015 
2.432629 
3.239650 
1.974666 
2.944301 
1.434104 
2.649800 
1.422125 
1.787116 
2.280798 
0.541169 
1.474046 
1.926703 
0.194475 
0.916529 
0.895416 
0.266221 
0.698178 
0.529991 
0.417212 
-0.411411 
-0.254601 
-0.048128 
-0.132890 
0.112574 
-0.325948 
0.093414 
-0.000956 
-0.139726 
0.001272 
-0.068272 
-0.076829 
0.094227 
-0.292599 
0.159047 
0.113276 
-0.156628 
0.066713 
0.021481 
0.053164 
-0.073250 
0.045691 
-0.045873 
0.037074 
-0.019392 
0.187626 
-0.128692 
-0.182806 
0.269289 
0.009972 
-0.138349 
0.015520 
0.126549 
-0.169596 
0.286634 
-0.280631 
0.205203 
-0.300412 
0.460886 
-0.302893 
0.252663 
-0.250207 
0.134504 
0.061712 
-0.291410 
0.285879 
-0.112457 
0.004689 
-0.045136 
0.137052 
-0.074109 
0.071726 
-0.052797 
-0.164388 
0.188566 
-0.033313 
0.036349 
-0.020485 
0.124298 
0.022194 
-0.116605 
-0.034131 
0.022520 
-0.003366 
-4.345770 
-3.991994 
-4.593576 
-4.081315 
-4.379312 
-3.942682 
-4.546535 
-4.458303 
-3.860577 
-4.776300 
-3.892860 
-4.593299 
-4.362405 
-4.223452 
-4.171619 
-4.601042 
-4.047235 
-4.596495 
-3.912813 
-4.777641 
-4.674745 
-4.310299 
-4.199176 
-4.793992 
-4.330199 
-4.818423 
-3.970469 
-5.158095 
-4.392957 
-4.588426 
-4.855201 
-4.722713 
-4.857301 
-5.842607 
-4.052095 
-12.178959 
2.928724 
-4.151654 
-3.698966 
-3.860558 
-3.752278 
-4.567821 
-3.964558 
-4.269159 
-4.498143 
-4.213735 
-4.353794 
-4.860761 
-3.967218 
-4.555203 
-4.486959 
-4.330206 
-4.840719 
-4.560289 
-4.531193 
-4.562824 
-4.525513 
-4.603497 
-5.079439 
-3.883784 
-5.004010 
-4.510622 
-4.738602 
-4.748299 
-4.839054 
-4.873354 
-4.380689 
-5.029448 
-3.905059 
-4.970933 
-4.905913 
-4.261967 
-4.654300 
-4.436088 
-4.711552 
-4.661017 
-4.394303 
-4.518396 
-4.425468 
-4.171988 
-4.706732 
-4.512101 
-4.065768 
-4.601624 
-4.225885 
-4.065517 
-4.332734 
-3.971998 
-3.805517 
-3.684388 
-4.186370 
3.132518 
-12.401971 
-3.951911 
-5.778941 
-4.801611 
-4.943081 
-4.728320 
-4.626858 
-4.384591 
-5.229471 
-3.877790 
-4.946782 
-4.229972 
-4.670728 
-4.348906 
-4.352188 
-4.689973 
-4.596543 
-4.236855 
-4.193255 
-4.334063 
-4.446493 
-4.276857 
-4.189283 
-4.371331 
-4.634028 
-3.703457 
-4.894645 
-3.914123 
-4.521792 
-4.295128 
-4.140372 
-4.421916 
-3.961006 
-4.499568 
-4.250861 
-4.177254 
-0.107450 
0.141795 
-0.117605 
0.083214 
-0.078335 
-0.033505 
-0.021490 
0.073905 
-0.048490 
-0.039658 
0.032415 
0.038165 
-0.113748 
0.154420 
-0.080194 
-0.041694 
0.063167 
-0.009005 
-0.119158 
0.077871 
0.112844 
-0.242075 
0.283792 
-0.201162 
0.084985 
-0.072424 
-0.019827 
0.083783 
-0.060996 
0.016172 
-0.027416 
0.001229 
0.078317 
-0.116910 
0.087932 
-0.138030 
0.131035 
-0.060860 
0.044628 
-0.085027 
0.037072 
-0.004459 
0.003784 
-0.032349 
0.057194 
-0.181790 
0.234992 
-0.112675 
0.026449 
-0.096605 
0.126943 
-0.040558 
-0.002647 
0.041778 
-0.041321 
0.003847 
0.030265 
-0.138844 
0.189818 
-0.138050 
0.078493 
-0.146008 
0.181764 
-0.148906 
0.088045 
-0.052517 
0.001038 
0.045467 
-0.054103 
0.034497 
-0.017988 
0.022426 
-0.028457 
0.014289 
0.039074 
-0.056205 
0.014632 
-0.023919 
0.109259 
-0.082259 
0.012441 
-0.024475 
0.019815 
0.058896 
-0.049369 
0.010154 
-0.009662 
0.046507 
-0.010257 
-0.032055 
-0.013283 
0.045473 
0.015251 
-0.040856 
0.024444 
-0.016717 
0.000362 
0.000675 
0.034999 
-0.046087 
0.037674 
-0.023018 
-0.019755 
0.034393 
-0.013981 
0.011606 
-0.047636 
0.029221 
0.043136 
-0.047709 
0.026260 
0.009166 
-0.024827 
-0.014408 
0.012659 
-0.020281 
-0.046359 
0.131771 
-0.064073 
0.011350 
-0.061916 
0.020745 
0.043716 
-0.016263 
-0.035423 
0.028366 
-0.067356 
0.122235 
4.838929 
4.873481 
4.380685 
5.029667 
3.905031 
4.971303 
4.905944 
4.262121 
4.654323 
4.436578 
4.711478 
4.661180 
4.394288 
4.518667 
4.425763 
4.171813 
4.707071 
4.512252 
4.065789 
4.601797 
4.226054 
4.065750 
4.332618 
3.972282 
3.805754 
3.684158 
4.187127 
-3.132989 
12.402561 
3.951627 
5.779324 
4.801753 
4.942954 
4.728988 
4.626277 
4.385148 
5.229541 
3.877912 
4.947030 
4.230003 
4.670785 
4.349358 
4.352007 
4.690358 
4.596474 
4.237032 
4.193661 
4.333737 
4.447011 
4.276742 
4.189648 
4.371377 
4.634209 
3.703473 
4.894924 
3.914305 
4.521699 
4.295523 
4.140448 
4.422046 
3.961255 
4.499710 
4.251152 
4.177608 
0.106443 
-0.141827 
0.118025 
-0.085413 
0.081617 
0.029169 
0.023403 
-0.078070 
0.051093 
0.041448 
-0.035162 
-0.038667 
0.113367 
-0.155611 
0.083879 
0.037462 
-0.062794 
0.010987 
0.114332 
-0.074316 
-0.116858 
0.245218 
-0.286088 
0.200537 
-0.082943 
0.066754 
0.024442 
-0.086942 
0.062850 
-0.016707 
0.025713 
0.000375 
-0.081103 
0.120586 
-0.092100 
0.142196 
-0.135290 
0.063951 
-0.048904 
0.087929 
-0.036800 
0.001899 
-0.001806 
0.032491 
-0.059904 
0.184209 
-0.235470 
0.111951 
-0.026670 
0.099398 
-0.130221 
0.042245 
0.001299 
-0.041308 
0.042401 
-0.004958 
-0.029114 
0.140061 
-0.193414 
0.141175 
-0.082638 
0.143810 
-0.188246 
0.176708 
-0.100899 
0.054940 
-0.001693 
-0.045575 
0.053733 
-0.034282 
0.017726 
-0.022280 
0.028229 
-0.014080 
-0.039405 
0.056345 
-0.014644 
0.024337 
-0.109661 
0.082357 
-0.012245 
0.024528 
-0.019652 
-0.058767 
0.048995 
-0.009571 
0.009391 
-0.046288 
0.010604 
0.031830 
0.013605 
-0.045608 
-0.015121 
0.040868 
-0.024638 
0.017395 
-0.000414 
-0.000547 
-0.035278 
0.046661 
-0.037657 
0.022700 
0.020244 
-0.034747 
0.014501 
-0.012019 
0.047933 
-0.028964 
-0.043481 
0.047888 
-0.025812 
-0.009409 
0.024871 
0.014745 
-0.012804 
0.020094 
0.046562 
-0.131911 
0.064339 
-0.011197 
0.061771 
-0.020694 
-0.043832 
0.016277 
0.035488 
-0.028456 
0.067476 
-0.122034 
4.322023 
4.030954 
4.599971 
4.062256 
4.370058 
4.080601 
4.362640 
4.605379 
3.803705 
4.836895 
3.762446 
4.655800 
4.432447 
4.055385 
4.396533 
4.369441 
4.261898 
4.501729 
3.945579 
4.768431 
4.694750 
4.297564 
4.239433 
4.843185 
4.272014 
4.851323 
3.951258 
5.209025 
4.393909 
4.563452 
4.903114 
4.808615 
4.911816 
5.795677 
4.062273 
12.223944 
-2.883576 
4.101299 
3.899339 
3.585599 
4.090459 
4.458949 
4.016581 
4.296712 
4.565891 
4.331119 
4.207681 
4.985382 
3.883928 
4.710754 
4.334090 
4.421579 
4.671114 
4.603161 
4.531822 
4.507760 
4.319620 
4.657420 
5.056752 
3.915420 
5.028560 
4.376366 
4.625419 
4.936300 
-7.094568 
-5.508819 
-6.636262 
-7.554011 
-5.571754 
-6.379708 
-4.882273 
-7.228624 
-4.893614 
-5.585388 
-2.976986 
-9.705108 
-5.721488 
-6.765473 
-6.104703 
-6.556362 
-5.250247 
-5.392910 
-5.844182 
-6.758862 
-5.022643 
-4.805208 
-5.890818 
-5.146385 
-4.937847 
-5.656245 
-5.447546 
-7.226637 
-2.768163 
-4.349425 
-4.109677 
-3.141040 
-4.959744 
-3.676799 
-4.406943 
-4.308261 
-3.247751 
-4.821587 
-3.026474 
-4.064028 
-3.811876 
-6.034170 
-1.104661 
-0.149203 
-4.511413 
-2.890446 
-0.398914 
-3.952194 
-2.422484 
-1.612890 
-2.351892 
-2.665889 
-2.590020 
-5.359107 
2.357448 
-0.208309 
-1.363243 
-0.089495 
-1.180027 
-0.628235 
-1.033887 
-0.122361 
-0.537196 
-0.076420 
0.068456 
0.009038 
0.011217 
-0.025023 
0.035386 
0.037233 
-0.032108 
-0.015428 
-0.015957 
0.013525 
0.026540 
-0.041662 
0.073006 
-0.111859 
0.038523 
0.076280 
-0.059643 
-0.083405 
0.108378 
-0.007752 
0.000243 
-0.049177 
-0.006445 
0.046375 
-0.087945 
0.143374 
-0.061416 
-0.079054 
0.171698 
-0.134292 
-0.009836 
0.057699 
0.013935 
-0.033001 
0.082881 
-0.090841 
0.079246 
-0.052044 
0.022580 
-0.083252 
0.150278 
-0.097149 
-0.021782 
0.111876 
-0.115673 
0.045060 
-0.043751 
0.085173 
-0.124557 
0.103049 
-0.083973 
0.098094 
-0.016102 
-0.095509 
0.093422 
-0.099420 
0.144911 
-0.077229 
0.013827 
0.017469 
-0.057428 
-0.018783 
0.095736 
-0.041481 
0.846958 
0.128843 
0.155016 
0.025115 
0.172402 
-0.112127 
0.174058 
0.022158 
0.031194 
-0.017082 
0.165942 
-0.070331 
0.099475 
-0.219689 
0.160751 
0.004077 
0.023477 
-0.109035 
0.068557 
-0.012711 
-0.020662 
0.004277 
-0.030086 
0.011614 
-0.001603 
0.060396 
-0.041649 
-0.239079 
0.430219 
-0.321751 
0.121746 
-0.025527 
-0.008999 
-0.031205 
0.150090 
-0.167920 
0.079432 
-0.163749 
0.369516 
-0.341362 
0.294453 
-0.308148 
0.231973 
-0.103855 
-0.095779 
0.030924 
0.081104 
-0.085286 
-0.066963 
0.159443 
-0.192929 
0.251260 
-0.161767 
-0.155494 
0.175675 
-0.066203 
0.123701 
-0.226948 
0.206839 
-0.042975 
-0.086658 
0.055344 
-0.054115 
-0.005969 
4.230081 
4.252646 
4.506905 
3.967480 
4.419618 
4.154775 
4.286474 
4.536694 
3.901593 
4.906065 
3.703196 
4.634765 
4.371958 
4.189753 
4.276389 
4.451872 
4.331178 
4.194482 
4.239809 
4.593132 
4.695909 
4.349406 
4.349677 
4.678806 
4.217412 
4.959685 
3.874707 
5.230374 
4.382397 
4.633623 
4.728371 
4.936388 
4.818882 
5.765059 
3.962209 
12.394620 
-3.125386 
4.183506 
3.691103 
3.801296 
3.971347 
4.346418 
4.048797 
4.243965 
4.596079 
4.062785 
4.525029 
4.704326 
4.163190 
4.441001 
4.517461 
4.396234 
4.658404 
4.713499 
4.441576 
4.660093 
4.265029 
4.907863 
4.975285 
3.912565 
5.039848 
4.392422 
4.889140 
4.825160 
-6.842123 
-6.486180 
-6.164306 
-6.753761 
-5.170833 
-7.497157 
-5.891613 
-6.494505 
-6.068847 
-6.004139 
-5.594105 
-6.464766 
-6.059385 
-5.741679 
-6.005122 
-5.949724 
-5.391697 
-6.170597 
-4.875789 
-6.227807 
-5.218578 
-5.039978 
-5.494476 
-4.867522 
-5.433962 
-4.973118 
-4.880363 
-5.646165 
-4.212124 
-4.794162 
-4.349930 
-5.057152 
-3.841679 
-3.943694 
-4.842723 
-3.303837 
-4.235298 
-4.303988 
-3.069156 
-3.988291 
-2.832735 
-3.880768 
-2.475647 
-2.677172 
-4.228948 
-1.743439 
-3.250393 
-2.074737 
-2.697382 
-1.608674 
-2.595054 
-1.444015 
-1.617555 
-2.428614 
-0.602447 
-1.269356 
-2.094426 
-0.028630 
-1.174628 
-0.544338 
-0.660742 
-0.363732 
-0.543984 
-0.765804 
0.234859 
-0.058351 
0.043566 
-0.024930 
0.149975 
-0.222548 
0.127214 
0.052365 
-0.090136 
0.059061 
0.002662 
-0.047846 
0.087779 
-0.249464 
0.154091 
0.074788 
-0.084633 
-0.006298 
0.028897 
0.033975 
-0.036853 
0.018600 
-0.038434 
0.029939 
-0.011750 
0.123957 
-0.092785 
-0.185120 
0.327567 
-0.152565 
0.000786 
-0.016399 
0.084844 
-0.112180 
0.204839 
-0.204792 
0.121929 
-0.212941 
0.393499 
-0.321701 
0.299089 
-0.308128 
0.230103 
-0.052049 
-0.175184 
0.126765 
0.011584 
-0.064117 
-0.030320 
0.137368 
-0.125446 
0.145285 
-0.098872 
-0.164313 
0.190952 
-0.044851 
0.074002 
-0.144442 
0.182714 
0.005952 
-0.113243 
-0.002439 
0.004644 
-0.010236 
4.227704 
4.252633 
4.505322 
3.966894 
4.419521 
4.154427 
4.282034 
4.538545 
3.907942 
4.896545 
3.707660 
4.631649 
4.370072 
4.194820 
4.271905 
4.449070 
4.338459 
4.183954 
4.242608 
4.599795 
4.686969 
4.353021 
4.350726 
4.672439 
4.223151 
4.951580 
3.875249 
5.238654 
4.369084 
4.646313 
4.716203 
4.940714 
4.817899 
5.757870 
3.976182 
12.381892 
-3.114154 
4.166819 
3.696780 
3.803251 
3.967265 
4.342064 
4.056201 
4.235066 
4.596312 
4.065347 
4.521695 
4.697858 
4.173243 
4.428299 
4.517866 
4.397874 
4.651708 
4.720922 
4.427563 
4.662006 
4.261604 
4.902634 
4.971393 
3.907148 
5.023852 
4.383794 
4.870653 
4.844565 
-6.848057 
-6.475544 
-6.147025 
-6.751368 
-5.174331 
-7.487936 
-5.889567 
-6.499251 
-6.059712 
-6.011911 
-5.583616 
-6.476042 
-6.047839 
-5.741653 
-6.010395 
-5.950855 
-5.388661 
-6.176539 
-4.877840 
-6.222328 
-5.219166 
-5.047431 
-5.493182 
-4.866995 
-5.440825 
-4.972541 
-4.882761 
-5.647279 
-4.219269 
-4.789298 
-4.356034 
-5.054262 
-3.848505 
-3.952947 
-4.836466 
-3.312079 
-4.226227 
-4.318040 
-3.072594 
-3.983344 
-2.839861 
-3.885125 
-2.482352 
-2.678342 
-4.226624 
-1.753831 
-3.242772 
-2.085631 
-2.694560 
-1.611097 
-2.594591 
-1.443211 
-1.615513 
-2.427071 
-0.591510 
-1.263092 
-2.074946 
-0.011722 
-1.142287 
-0.514497 
-0.612050 
-0.284070 
-0.471270 
-0.225168 
0.408401 
0.254083 
0.047739 
0.133621 
-0.113023 
0.326073 
-0.093181 
0.001073 
0.140332 
-0.002171 
0.068724 
0.077107 
-0.093548 
0.292638 
-0.160096 
-0.111922 
0.156655 
-0.066855 
-0.021461 
-0.052260 
0.072301 
-0.045199 
0.046903 
-0.037545 
0.019382 
-0.186558 
0.127052 
0.184751 
-0.270808 
-0.008440 
0.137953 
-0.015728 
-0.125611 
0.168488 
-0.285233 
0.280101 
-0.205017 
0.300193 
-0.460442 
0.303183 
-0.252336 
0.249129 
-0.133604 
-0.062134 
0.291672 
-0.285234 
0.111297 
-0.003424 
0.044469 
-0.136712 
0.073705 
-0.071425 
0.052558 
0.165223 
-0.189721 
0.033719 
-0.036354 
0.021196 
-0.124917 
-0.022035 
0.116532 
0.033961 
-0.022510 
0.003590 
-4.210530 
-4.236741 
-4.549355 
-3.978104 
-4.415145 
-4.207879 
-4.194663 
-4.566262 
-3.951019 
-4.840878 
-3.739872 
-4.617941 
-4.432773 
-4.100783 
-4.320330 
-4.411578 
-4.401828 
-4.181188 
-4.193204 
-4.703634 
-4.610913 
-4.413217 
-4.323190 
-4.712803 
-4.218447 
-4.969365 
-3.879693 
-5.241743 
-4.416997 
-4.602009 
-4.806082 
-4.913953 
-4.883583 
-5.703834 
-4.075657 
-12.343222 
3.044661 
-4.194550 
-3.713309 
-3.823017 
-4.019330 
-4.361214 
-4.094032 
-4.277454 
-4.596948 
-4.169103 
-4.475556 
-4.748151 
-4.161663 
-4.463511 
-4.495052 
-4.431500 
-4.507191 
-4.757643 
-4.348706 
-4.625488 
-4.156543 
-4.885219 
-4.934672 
-3.910279 
-5.039561 
-4.293950 
-4.692575 
-4.933083 
7.130034 
5.599779 
6.305550 
7.674665 
5.603223 
6.390046 
4.911550 
7.166378 
4.921865 
5.533216 
3.085898 
9.742304 
5.626232 
6.815392 
6.094054 
6.553022 
5.338782 
5.195823 
5.909733 
6.794109 
5.068843 
4.806761 
5.888867 
5.137235 
5.179994 
5.220537 
5.726293 
6.975163 
2.899286 
4.578109 
3.637730 
3.394921 
5.051805 
3.503728 
4.457258 
4.443215 
3.038057 
4.943529 
2.992925 
4.233921 
3.505704 
6.172047 
1.140680 
0.110294 
4.588840 
3.031457 
0.059536 
4.124302 
2.341634 
1.710051 
2.357931 
2.624761 
2.611605 
5.334481 
-2.323107 
0.192441 
1.337442 
0.038422 
1.166932 
0.544975 
1.103117 
-0.177766 
0.535951 
-0.387094 
-4.943286 
-4.694634 
-4.294939 
-5.040570 
-3.911179 
-4.935780 
-4.886827 
-4.156813 
-4.627494 
-4.347044 
-4.761304 
-4.508435 
-4.431692 
-4.496923 
-4.463669 
-4.162924 
-4.750524 
-4.474347 
-4.171643 
-4.597137 
-4.277658 
-4.096290 
-4.360477 
-4.019839 
-3.824792 
-3.714279 
-4.192954 
3.042583 
-12.343119 
-4.076580 
-5.703748 
-4.883760 
-4.914654 
-4.806622 
-4.602443 
-4.417664 
-5.241264 
-3.881525 
-4.967569 
-4.220119 
-4.712434 
-4.321707 
-4.415921 
-4.609422 
-4.704479 
-4.194445 
-4.179638 
-4.403882 
-4.410997 
-4.320233 
-4.098916 
-4.435557 
-4.618154 
-3.740526 
-4.838851 
-3.952563 
-4.567506 
-4.194292 
-4.206897 
-4.415892 
-3.978861 
-4.548093 
-4.237490 
-4.209717 
-0.390169 
0.535716 
-0.178028 
1.102918 
0.545094 
1.167345 
0.038164 
1.337837 
0.192227 
-2.323150 
5.334593 
2.611742 
2.625093 
2.358093 
1.709663 
2.341981 
4.124775 
0.059289 
3.031673 
4.589353 
0.109734 
1.141186 
6.172095 
3.506011 
4.234210 
2.992880 
4.943972 
3.038231 
4.443241 
4.457683 
3.503733 
5.052399 
3.394658 
3.638504 
4.577906 
2.900061 
6.975426 
5.726701 
5.221098 
5.179465 
5.138412 
5.889094 
4.806864 
5.069529 
6.794784 
5.909894 
5.196585 
5.339004 
6.553573 
6.095145 
6.816111 
5.626717 
9.743096 
3.087242 
5.533790 
4.923451 
7.167563 
4.912980 
6.391847 
5.605069 
7.677578 
6.309188 
5.606217 
7.129244 
-0.407927 
-0.253677 
-0.047606 
-0.132529 
0.112815 
-0.325820 
0.093533 
-0.000877 
-0.139747 
0.001539 
-0.068094 
-0.076866 
0.094172 
-0.292532 
0.159416 
0.113064 
-0.156606 
0.066867 
0.021650 
0.052978 
-0.072866 
0.045457 
-0.045561 
0.036958 
-0.019165 
0.187434 
-0.128196 
-0.183181 
0.269707 
0.009814 
-0.138288 
0.015760 
0.126462 
-0.169283 
0.286412 
-0.280469 
0.205249 
-0.300346 
0.461193 
-0.303029 
0.252682 
-0.249827 
0.134278 
0.062061 
-0.291428 
0.285802 
-0.112038 
0.004389 
-0.044769 
0.137054 
-0.074048 
0.071869 
-0.052840 
-0.164205 
0.188796 
-0.033330 
0.036362 
-0.020316 
0.124401 
0.022292 
-0.116542 
-0.034047 
0.022586 
-0.003918 
4.210521 
4.236327 
4.549265 
3.977782 
4.415242 
4.207320 
4.194589 
4.566558 
3.950469 
4.840715 
3.740025 
4.617634 
4.433061 
4.100199 
4.320361 
4.411149 
4.402439 
4.180378 
4.193123 
4.703992 
4.610474 
4.413732 
4.322624 
4.713196 
4.217989 
4.969661 
3.879065 
5.242446 
4.416539 
4.602250 
4.805986 
4.913898 
4.883639 
5.704299 
4.075350 
12.343341 
-3.044408 
4.194690 
3.713145 
3.823647 
4.018492 
4.362793 
4.093581 
4.277588 
4.597696 
4.169206 
4.475735 
4.748867 
4.162012 
4.463844 
4.495456 
4.432748 
4.507704 
4.758582 
4.349062 
4.627024 
4.158125 
4.886556 
4.936388 
3.912126 
5.042529 
4.297762 
4.698860 
4.955258 
-7.140691 
-5.607168 
-6.310733 
-7.678133 
-5.605582 
-6.391252 
-4.913264 
-7.167297 
-4.923079 
-5.533571 
-3.086975 
-9.743108 
-5.626405 
-6.815474 
-6.095000 
-6.553701 
-5.338756 
-5.196020 
-5.909708 
-6.794578 
-5.069621 
-4.806194 
-5.889746 
-5.137079 
-5.179846 
-5.220737 
-5.726364 
-6.975669 
-2.899242 
-4.578359 
-3.638570 
-3.393973 
-5.052013 
-3.503471 
-4.458427 
-4.442067 
-3.038214 
-4.944404 
-2.992058 
-4.234886 
-3.504645 
-6.173130 
-1.140569 
-0.109345 
-4.589934 
-3.031330 
-0.058586 
-4.125050 
-2.341779 
-1.709399 
-2.357992 
-2.625186 
-2.611885 
-5.334124 
2.322888 
-0.191447 
-1.337890 
-0.038739 
-1.166744 
-0.545259 
-1.103186 
0.177516 
-0.535814 
0.386855 
0.030338 
-0.004818 
0.002351 
-0.003956 
0.002614 
0.000700 
-0.007888 
0.005309 
-0.005607 
0.004224 
-0.005148 
0.004772 
-0.007102 
-0.000770 
0.003162 
-0.001415 
-0.005016 
0.002883 
-0.000549 
-0.003097 
0.001815 
-0.000416 
-0.001245 
-0.002283 
-0.002667 
0.003089 
-0.003886 
-0.001994 
0.001988 
-0.001649 
-0.002607 
-0.001631 
0.000642 
-0.002600 
0.000433 
-0.002946 
-0.005251 
0.004117 
-0.005082 
0.001248 
-0.004310 
0.000142 
-0.000090 
-0.002074 
-0.003370 
-0.000130 
-0.004214 
0.001165 
0.000044 
-0.007135 
0.003417 
-0.003983 
0.000816 
-0.003958 
-0.002226 
0.000473 
-0.001898 
-0.001281 
0.001915 
-0.002809 
-0.002073 
-0.006502 
0.018123 
-0.059090 
-4.276833 
-4.136525 
-4.606872 
-4.043779 
-4.329852 
-4.205573 
-4.260660 
-4.548624 
-3.909845 
-4.850649 
-3.813220 
-4.533425 
-4.472634 
-4.088876 
-4.348577 
-4.408435 
-4.276254 
-4.418724 
-3.968816 
-4.857345 
-4.562393 
-4.433126 
-4.190223 
-4.836340 
-4.187895 
-5.058861 
-3.792885 
-5.268988 
-4.376250 
-4.582294 
-4.862742 
-4.845880 
-4.890111 
-5.723698 
-4.131989 
-12.171526 
2.756106 
-3.993711 
-3.849973 
-3.781344 
-3.964843 
-4.471487 
-4.016094 
-4.231012 
-4.646330 
-4.154972 
-4.467138 
-4.786492 
-4.056903 
-4.560283 
-4.440910 
-4.451238 
-4.495619 
-4.791275 
-4.353279 
-4.553086 
-4.449878 
-4.663875 
-5.007353 
-3.862971 
-5.009309 
-4.356117 
-4.663817 
-4.905878 
-4.895615 
-4.713694 
-4.313287 
-5.077444 
-3.924200 
-4.933727 
-4.891505 
-4.164076 
-4.610475 
-4.367459 
-4.742378 
-4.514479 
-4.429154 
-4.488865 
-4.477372 
-4.147638 
-4.758977 
-4.469740 
-4.163174 
-4.606320 
-4.273221 
-4.100869 
-4.352706 
-4.030118 
-3.821465 
-3.700825 
-4.212996 
3.056214 
-12.362492 
-4.044328 
-5.723868 
-4.878830 
-4.917207 
-4.815309 
-4.587946 
-4.428856 
-5.238708 
-3.879238 
-4.972999 
-4.212149 
-4.727513 
-4.309581 
-4.420257 
-4.614091 
-4.695671 
-4.188923 
-4.199003 
-4.390796 
-4.419810 
-4.321201 
-4.098752 
-4.432027 
-4.621689 
-3.735146 
-4.843773 
-3.958271 
-4.558046 
-4.197689 
-4.211392 
-4.409084 
-3.981570 
-4.554680 
-4.239811 
-4.208861 
-0.048883 
0.137239 
-0.053003 
0.042373 
0.049750 
-0.158196 
0.048856 
0.048568 
-0.043165 
-0.080997 
0.063746 
0.098874 
-0.081233 
0.058770 
-0.052651 
-0.056095 
0.121400 
-0.018187 
-0.138207 
0.098507 
0.104929 
-0.162963 
0.162219 
-0.112056 
0.254273 
-0.432646 
0.215703 
-0.088186 
0.140476 
-0.122080 
0.042153 
-0.026541 
0.055892 
-0.005645 
0.048828 
-0.208653 
0.156240 
0.018122 
0.013786 
-0.064407 
0.009085 
0.046408 
-0.098822 
0.070647 
-0.024171 
0.055263 
-0.055916 
-0.007811 
0.030459 
-0.140436 
0.157167 
-0.031840 
0.036828 
-0.054666 
0.063991 
0.014390 
-0.009015 
-0.169719 
0.227685 
-0.112195 
0.017561 
-0.079575 
0.079128 
-0.108781 
0.011726 
-0.070198 
0.020672 
-0.034079 
-0.021019 
0.048288 
0.017504 
-0.073174 
0.020700 
-0.040891 
0.121343 
-0.035400 
-0.043705 
0.044495 
-0.055952 
-0.039425 
0.079010 
0.039521 
-0.091105 
0.057589 
0.039255 
-0.061735 
0.015596 
-0.024535 
0.039427 
-0.039455 
-0.007144 
0.053888 
-0.062424 
0.029581 
-0.001094 
0.003861 
-0.016042 
0.020566 
-0.058854 
0.012045 
0.096016 
-0.055501 
0.000033 
-0.039662 
0.038188 
0.002181 
0.043852 
-0.069836 
0.016991 
0.086187 
-0.055797 
-0.016838 
-0.024910 
0.078067 
-0.033252 
0.003838 
-0.086319 
0.137635 
-0.017425 
-0.046648 
0.018696 
-0.032851 
0.102132 
-0.106626 
0.050630 
0.016051 
-0.070572 
0.105421 
4.277033 
4.136725 
4.608046 
4.043366 
4.327204 
4.208060 
4.260486 
4.548484 
3.910869 
4.850486 
3.814962 
4.532887 
4.470777 
4.089704 
4.349926 
4.407046 
4.277909 
4.419319 
3.966990 
4.859257 
4.562668 
4.433604 
4.187640 
4.841489 
4.183857 
5.065473 
3.786969 
5.273808 
4.372947 
4.588125 
4.856974 
4.850098 
4.890454 
5.721755 
4.135030 
12.169004 
-2.753064 
3.993156 
3.852795 
3.779985 
3.963535 
4.476296 
4.014785 
4.229430 
4.651299 
4.152801 
4.469398 
4.786540 
4.056578 
4.563908 
4.437363 
4.456270 
4.496161 
4.790052 
4.356198 
4.554711 
4.453568 
4.668085 
5.010631 
3.866832 
5.019804 
4.369012 
4.682262 
4.896240 
-0.004784 
-0.051505 
0.003472 
0.051556 
-0.111419 
0.101886 
-0.036631 
0.021413 
-0.054332 
-0.016063 
0.126761 
-0.083884 
0.000816 
-0.031419 
0.068532 
-0.026581 
-0.016034 
-0.062787 
0.085647 
0.012619 
-0.074745 
0.043449 
0.004581 
0.027557 
-0.031697 
-0.014742 
-0.047642 
0.089972 
0.005183 
-0.058128 
0.016500 
-0.012498 
-0.005696 
0.000392 
0.025515 
-0.061682 
0.053168 
-0.011817 
-0.034046 
0.033052 
-0.027292 
0.015757 
-0.066094 
0.045975 
0.052712 
-0.093133 
0.043678 
0.074305 
-0.042987 
-0.051975 
0.047114 
-0.055345 
-0.029117 
0.121503 
-0.040760 
0.019238 
-0.070885 
0.012956 
0.048047 
-0.016647 
-0.036912 
0.022665 
-0.075239 
0.115763 
4.757719 
4.665632 
4.373044 
5.040308 
3.876276 
5.008328 
4.672483 
4.454625 
4.531914 
4.376732 
4.771607 
4.503705 
4.450422 
4.426380 
4.573971 
4.047198 
4.793336 
4.455807 
4.153894 
4.654032 
4.223973 
4.029521 
4.452151 
3.986482 
3.768634 
3.842842 
4.011046 
-2.767635 
12.182462 
4.112059 
5.733641 
4.885197 
4.849274 
4.875140 
4.557422 
4.401414 
5.252289 
3.792755 
5.072803 
4.173425 
4.856377 
4.173346 
4.440095 
4.568366 
4.840824 
3.968629 
4.433269 
4.261087 
4.426110 
4.340997 
4.096193 
4.456566 
4.540816 
3.812792 
4.848594 
3.911962 
4.546521 
4.251373 
4.223852 
4.312475 
4.041009 
4.613193 
4.137107 
4.247619 
-0.009368 
-0.001470 
-0.032054 
0.056241 
-0.030633 
0.001767 
-0.037045 
0.070745 
-0.038401 
-0.023546 
0.055892 
-0.028892 
-0.032287 
0.069590 
-0.066873 
0.066009 
-0.037663 
0.009452 
-0.038396 
0.069724 
-0.035902 
0.002103 
-0.003457 
-0.000860 
-0.001046 
-0.001478 
-0.002541 
0.003121 
-0.009266 
0.007432 
-0.037621 
0.069580 
-0.032474 
-0.027641 
0.058599 
-0.034487 
0.007574 
-0.007006 
0.000926 
-0.009021 
0.002353 
-0.027282 
0.034403 
0.018330 
-0.020135 
-0.033398 
0.031735 
0.033519 
-0.058001 
0.025344 
0.011809 
0.029276 
-0.030407 
-0.005079 
0.000496 
-0.035284 
0.063159 
-0.036899 
0.009594 
-0.009520 
0.001924 
0.000325 
0.007405 
0.042701 
0.050859 
-0.563660 
-0.063803 
-0.877989 
-1.002881 
-0.787711 
-0.491381 
-1.199686 
-0.230947 
2.352860 
-5.258579 
-2.622401 
-2.661075 
-2.358146 
-1.637037 
-2.357484 
-3.993297 
-0.423314 
-2.829090 
-4.555155 
-0.160942 
-1.072686 
-6.022122 
-3.822056 
-4.089641 
-2.995646 
-4.875773 
-3.171687 
-4.314925 
-4.434496 
-3.663474 
-4.969356 
-3.145508 
-4.097374 
-4.364780 
-2.787787 
-7.210510 
-5.410654 
-5.682844 
-4.936821 
-5.170508 
-5.862020 
-4.837678 
-5.011134 
-6.724801 
-5.902253 
-5.385678 
-5.165008 
-6.577709 
-6.147519 
-6.737634 
-5.730240 
-9.706289 
-2.977902 
-5.571580 
-4.881075 
-7.222912 
-4.939659 
-6.337699 
-5.584261 
-7.553155 
-6.633159 
-5.508712 
-7.000372 
4.864289 
4.562993 
4.426814 
4.993710 
3.921923 
5.049050 
4.569972 
4.428320 
4.523572 
4.423725 
4.624352 
4.692759 
4.379363 
4.444144 
4.615927 
3.923852 
4.975481 
4.230883 
4.336339 
4.519211 
4.277273 
4.029995 
4.587008 
3.812606 
3.846806 
3.726730 
4.170002 
-2.844658 
12.112579 
4.178338 
5.774524 
4.939241 
4.706365 
4.919009 
4.577612 
4.414172 
5.180099 
3.974528 
4.841776 
4.333663 
4.776824 
4.195039 
4.396616 
4.556940 
4.894005 
3.885640 
4.594345 
4.098281 
4.545923 
4.254618 
4.131838 
4.404346 
4.592962 
3.950942 
4.672808 
3.906509 
4.505947 
4.418438 
4.060490 
4.354906 
4.094555 
4.656530 
3.976229 
4.336519 
0.414785 
0.530110 
0.698447 
0.265854 
0.895885 
0.916339 
0.195470 
1.926078 
1.474850 
0.541048 
2.280968 
1.787664 
1.421382 
2.650597 
1.433584 
2.945211 
1.974533 
3.240163 
2.432989 
2.681758 
3.523321 
2.315480 
3.793213 
2.995376 
3.873571 
3.208858 
4.357186 
3.997478 
3.293590 
4.926337 
4.095307 
3.727660 
5.098767 
4.449154 
4.666530 
4.369538 
5.485221 
4.813220 
5.233616 
5.209212 
4.991421 
5.542792 
5.011385 
5.300528 
5.946142 
5.187639 
6.037343 
5.145012 
6.111439 
6.085862 
5.675835 
6.104690 
6.546233 
5.417641 
6.099593 
6.069256 
6.492769 
5.923305 
7.381532 
5.242742 
6.679920 
6.201176 
6.615600 
6.566172 
-4.647072 
-4.737359 
-4.515956 
-5.007336 
-3.887648 
-5.080254 
-4.608060 
-4.528911 
-4.564424 
-4.531972 
-4.560334 
-4.843794 
-4.332377 
-4.486534 
-4.556885 
-3.969080 
-4.860979 
-4.355586 
-4.213032 
-4.503071 
-4.266357 
-3.967276 
-4.567639 
-3.755815 
-3.855796 
-3.704537 
-4.148048 
2.921084 
-12.171641 
-4.058966 
-5.838366 
-4.858570 
-4.724447 
-4.853167 
-4.592148 
-4.394115 
-5.155900 
-3.970712 
-4.817962 
-4.331371 
-4.796603 
-4.195041 
-4.313206 
-4.672909 
-4.779731 
-3.911058 
-4.596394 
-4.050975 
-4.597974 
-4.174611 
-4.220289 
-4.363254 
-4.592964 
-3.895700 
-4.771999 
-3.862493 
-4.459791 
-4.544080 
-3.945941 
-4.375616 
-4.081867 
-4.593767 
-3.991827 
-4.345742 
-0.414216 
-0.529624 
-0.697751 
-0.265960 
-0.895308 
-0.916408 
-0.194217 
-1.926594 
-1.473871 
-0.541043 
-2.280595 
-1.787076 
-1.421834 
-2.649659 
-1.433935 
-2.944152 
-1.974528 
-3.239405 
-2.432526 
-2.681776 
-3.523281 
-2.314408 
-3.793452 
-2.994799 
-3.872738 
-3.208916 
-4.356688 
-3.997263 
-3.292608 
-4.926798 
-4.094431 
-3.727819 
-5.097450 
-4.448155 
-4.667017 
-4.368372 
-5.485930 
-4.811527 
-5.232865 
-5.209726 
-4.990076 
-5.542183 
-5.010280 
-5.300168 
-5.945610 
-5.186382 
-6.037281 
-5.143688 
-6.110300 
-6.085155 
-5.674596 
-6.103851 
-6.544124 
-5.417429 
-6.097500 
-6.067912 
-6.490747 
-5.921289 
-7.379882 
-5.239607 
-6.677056 
-6.199535 
-6.604596 
-6.639083 
4.745925 
4.737489 
4.510465 
5.002885 
3.883569 
5.078962 
4.603317 
4.525104 
4.563204 
4.529455 
4.561105 
4.840218 
4.330551 
4.486325 
4.554263 
3.968055 
4.860152 
4.353375 
4.213694 
4.498542 
4.267465 
3.965922 
4.566622 
3.752410 
3.859940 
3.699639 
4.149734 
-2.927125 
12.176926 
4.053523 
5.841611 
4.857042 
4.723212 
4.853424 
4.589667 
4.392226 
5.157519 
3.971142 
4.816655 
4.331449 
4.792804 
4.199017 
4.310147 
4.674166 
4.777564 
3.913284 
4.594827 
4.048540 
4.599827 
4.171624 
4.222837 
4.362517 
4.592757 
3.893535 
4.774453 
3.861107 
4.458620 
4.545685 
3.942619 
4.378825 
4.080965 
4.593267 
3.991633 
4.344930 
0.682084 
0.508950 
0.705832 
0.263819 
0.890670 
0.911735 
0.186219 
1.929353 
1.466322 
0.538425 
2.283144 
1.782011 
1.427679 
2.645355 
1.440114 
2.938952 
1.971010 
3.246859 
2.429185 
2.685727 
3.519728 
2.316958 
3.792597 
2.991841 
3.876828 
3.212229 
4.347148 
4.007588 
3.286486 
4.934575 
4.089967 
3.723985 
5.101281 
4.449813 
4.669167 
4.363321 
5.488887 
4.814097 
5.225624 
5.214489 
4.990823 
5.541011 
5.008832 
5.306202 
5.942270 
5.182596 
6.036484 
5.151089 
6.109686 
6.088407 
5.665484 
6.110209 
6.547343 
5.411330 
6.103097 
6.064863 
6.489374 
5.926021 
7.374512 
5.239930 
6.680349 
6.199168 
6.606585 
6.636497 
-4.743964 
-4.737716 
-4.511103 
-5.000289 
-3.888595 
-5.076422 
-4.603663 
-4.525123 
-4.559411 
-4.537408 
-4.560672 
-4.836956 
-4.330028 
-4.483760 
-4.562718 
-3.961869 
-4.858331 
-4.358107 
-4.216034 
-4.488250 
-4.281380 
-3.960853 
-4.559424 
-3.766859 
-3.848071 
-3.705269 
-4.151274 
2.929011 
-12.175324 
-4.056291 
-5.837423 
-4.865444 
-4.715721 
-4.858861 
-4.584248 
-4.397311 
-5.153908 
-3.975102 
-4.816418 
-4.328462 
-4.789975 
-4.210988 
-4.299787 
-4.681970 
-4.771737 
-3.915544 
-4.599352 
-4.042584 
-4.605957 
-4.167926 
-4.225986 
-4.357499 
-4.599656 
-3.885387 
-4.788769 
-3.847626 
-4.470668 
-4.536316 
-3.952488 
-4.376560 
-4.086846 
-4.597123 
-4.005582 
-4.351597 
-0.045373 
0.154570 
-0.081324 
-0.081084 
0.066546 
-0.009447 
-0.001992 
0.107092 
-0.082347 
0.102724 
-0.103711 
0.048555 
-0.008082 
-0.020781 
0.083098 
-0.088599 
0.109488 
-0.118828 
0.146673 
-0.195374 
0.151157 
-0.002496 
-0.111913 
0.155054 
-0.062959 
0.046978 
-0.102152 
0.119632 
-0.127920 
0.139636 
-0.108173 
0.092714 
0.074294 
-0.143142 
0.047507 
0.058076 
-0.015940 
-0.124796 
0.218033 
-0.110372 
0.070552 
-0.018841 
-0.033432 
-0.028112 
0.053441 
0.060597 
0.016781 
-0.167848 
0.148662 
0.019189 
-0.134472 
0.058736 
-0.019175 
-0.141931 
0.088412 
-0.131800 
0.009590 
-0.073912 
-0.079247 
0.006188 
-0.089624 
-0.123287 
-0.224889 
-0.769987 
4.284815 
4.177660 
4.540238 
3.991239 
4.357699 
4.163773 
4.339543 
4.537133 
3.858045 
4.970555 
3.646754 
4.619586 
4.401295 
4.183047 
4.336803 
4.375086 
4.256436 
4.411845 
4.052877 
4.691253 
4.677514 
4.361551 
4.251447 
4.736324 
4.228982 
5.034972 
3.793348 
5.263501 
4.335323 
4.630419 
4.770151 
4.876411 
4.820726 
5.816783 
3.963872 
12.243852 
-2.819932 
3.959278 
3.880075 
3.680996 
3.958649 
4.444002 
3.987803 
4.188621 
4.653866 
4.052311 
4.516133 
4.743752 
4.065043 
4.565536 
4.400953 
4.452160 
4.672474 
4.704990 
4.454175 
4.656252 
4.443834 
4.749224 
5.045227 
3.868354 
5.039392 
4.393942 
4.881261 
4.727455 
0.036527 
-0.066973 
0.024317 
-0.031425 
-0.024982 
0.045551 
0.021541 
-0.059879 
0.006093 
-0.055524 
0.124739 
-0.045889 
-0.016963 
0.007987 
-0.013650 
-0.024326 
0.009626 
0.024057 
-0.044531 
0.041826 
0.025511 
-0.043149 
0.009152 
-0.015553 
0.038535 
-0.023428 
-0.020847 
0.032466 
-0.044075 
0.035026 
-0.004199 
0.008120 
-0.020566 
0.026761 
-0.045298 
0.019261 
0.042774 
-0.017576 
-0.025289 
-0.015363 
0.049238 
-0.012574 
0.008111 
-0.043762 
0.054059 
0.021027 
-0.023761 
0.011020 
-0.082489 
0.108490 
-0.024159 
0.015507 
-0.060092 
0.040342 
0.015773 
-0.025830 
0.014916 
-0.012785 
0.032859 
-0.058888 
0.043425 
0.000376 
-0.049947 
0.087197 
-4.254369 
-4.183138 
-4.536122 
-3.991775 
-4.353975 
-4.165790 
-4.333891 
-4.540922 
-3.853957 
-4.970162 
-3.644864 
-4.622743 
-4.400797 
-4.176902 
-4.336363 
-4.376644 
-4.255547 
-4.412593 
-4.053308 
-4.689226 
-4.676662 
-4.362423 
-4.250952 
-4.732901 
-4.233096 
-5.029820 
-3.801843 
-5.248523 
-4.348264 
-4.621727 
-4.772767 
-4.879166 
-4.814846 
-5.815499 
-3.968770 
-12.239182 
2.820353 
-3.959187 
-3.884586 
-3.668807 
-3.973542 
-4.430165 
-3.996586 
-4.184551 
-4.652008 
-4.057072 
-4.510798 
-4.744527 
-4.065583 
-4.566706 
-4.392991 
-4.455397 
-4.672059 
-4.703019 
-4.454508 
-4.652128 
-4.439956 
-4.752828 
-5.042463 
-3.866827 
-5.032820 
-4.388578 
-4.860125 
-4.642258 
4.254476 
4.183266 
4.536258 
3.991905 
4.354116 
4.165830 
4.334150 
4.541079 
3.854155 
4.970166 
3.645090 
4.622854 
4.400957 
4.177057 
4.336485 
4.376676 
4.255895 
4.412523 
4.053542 
4.689373 
4.676805 
4.362531 
4.251111 
4.732937 
4.233316 
5.029983 
3.801933 
5.248730 
4.348263 
4.622071 
4.772689 
4.879403 
4.814979 
5.815547 
3.969092 
12.239112 
-2.820014 
3.959138 
3.884809 
3.668922 
3.973615 
4.430381 
3.996817 
4.184507 
4.652247 
4.057187 
4.510928 
4.744618 
4.065818 
4.566820 
4.393016 
4.455628 
4.672173 
4.703254 
4.454476 
4.652333 
4.440067 
4.752961 
5.042617 
3.866838 
5.033101 
4.388710 
4.860337 
4.642624 
-4.323473 
-4.031582 
-4.599709 
-4.054539 
-4.369082 
-4.079212 
-4.365526 
-4.603766 
-3.815425 
-4.821713 
-3.766285 
-4.652544 
-4.437037 
-4.051090 
-4.402629 
-4.353512 
-4.278845 
-4.495950 
-3.937660 
-4.789458 
-4.665378 
-4.321663 
-4.214097 
-4.857567 
-4.265208 
-4.864467 
-3.940466 
-5.213618 
-4.380286 
-4.585378 
-4.882099 
-4.819929 
-4.920833 
-5.767462 
-4.094649 
-12.189356 
2.853735 
-4.077229 
-3.920013 
-3.568815 
-4.099354 
-4.456609 
-4.032413 
-4.269927 
-4.582076 
-4.326391 
-4.215057 
-4.974698 
-3.896226 
-4.710506 
-4.321436 
-4.436028 
-4.670344 
-4.601313 
-4.523217 
-4.503838 
-4.325161 
-4.652057 
-5.057879 
-3.903157 
-5.031063 
-4.371153 
-4.604498 
-4.784882 
6.931436 
5.524917 
6.683221 
7.523069 
5.587811 
6.310116 
4.891353 
7.220059 
5.028146 
5.504898 
2.751554 
9.950041 
5.873145 
6.596358 
6.140221 
6.634445 
5.125598 
5.345866 
5.968845 
6.657309 
4.957219 
4.899001 
5.523295 
5.699196 
4.974811 
5.588527 
5.377902 
7.160063 
2.855124 
4.303058 
4.107175 
3.133500 
5.021635 
3.611014 
4.470883 
4.279484 
3.114966 
4.901704 
2.951292 
4.206288 
3.897441 
5.917730 
1.102564 
0.151900 
4.497538 
2.820484 
0.427373 
3.857462 
2.757321 
1.327552 
2.294579 
2.812862 
2.765442 
5.098908 
-2.582954 
0.473704 
1.413336 
0.236220 
0.765650 
1.008760 
0.551957 
0.414265 
0.315817 
-0.707856 
4.787701 
4.578770 
4.435392 
5.005361 
3.906151 
5.065128 
4.558616 
4.442725 
4.522930 
4.412096 
4.623789 
4.695961 
4.392178 
4.433331 
4.618283 
3.934225 
4.970690 
4.237213 
4.326371 
4.545583 
4.245515 
4.044731 
4.594215 
3.808827 
3.837302 
3.742676 
4.154552 
-2.821069 
12.092078 
4.194494 
5.761008 
4.941819 
4.720093 
4.895594 
4.605728 
4.397384 
5.191052 
3.962613 
4.850668 
4.330323 
4.793952 
4.168969 
4.416088 
4.533427 
4.916839 
3.878589 
4.583090 
4.121475 
4.524287 
4.266023 
4.124367 
4.412701 
4.588086 
3.953501 
4.660086 
3.921383 
4.498192 
4.427647 
4.049222 
4.356261 
4.087228 
4.653630 
3.958364 
4.336573 
0.153049 
-0.445629 
-0.602565 
-0.204049 
-0.852882 
-0.877228 
-0.171694 
-1.899248 
-1.461908 
-0.529558 
-2.266742 
-1.789138 
-1.413213 
-2.651903 
-1.431462 
-2.938871 
-1.987722 
-3.227026 
-2.443032 
-2.675966 
-3.524349 
-2.319128 
-3.799008 
-3.000393 
-3.870562 
-3.206965 
-4.374315 
-3.985761 
-3.301282 
-4.918679 
-4.105256 
-3.734300 
-5.096635 
-4.455139 
-4.660497 
-4.376470 
-5.486323 
-4.816324 
-5.229105 
-5.221755 
-4.986302 
-5.542042 
-5.020137 
-5.301518 
-5.940492 
-5.189631 
-6.044948 
-5.143922 
-6.114287 
-6.086665 
-5.682129 
-6.090996 
-6.559272 
-5.409097 
-6.109157 
-6.063166 
-6.497330 
-5.922818 
-7.377956 
-5.249706 
-6.679778 
-6.198947 
-6.615831 
-6.571347 
4.653659 
4.740234 
4.514498 
5.012005 
3.882422 
5.081385 
4.605657 
4.530560 
4.568035 
4.523514 
4.566104 
4.840707 
4.339014 
4.482038 
4.552335 
3.978442 
4.853330 
4.357226 
4.214064 
4.505223 
4.260400 
3.968855 
4.575003 
3.748981 
3.855587 
3.712870 
4.131201 
-2.904489 
12.157565 
4.070382 
5.832804 
4.862059 
4.726699 
4.839481 
4.609577 
4.382090 
5.160786 
3.969259 
4.818421 
4.333765 
4.793125 
4.193751 
4.316471 
4.667279 
4.785069 
3.914933 
4.585544 
4.060678 
4.594093 
4.173136 
4.220841 
4.365637 
4.589621 
3.898051 
4.765054 
3.869381 
4.458619 
4.549020 
3.943165 
4.372232 
4.085851 
4.592891 
3.992464 
4.345296 
-4.245290 
-4.178399 
-4.537109 
-3.988701 
-4.354146 
-4.165977 
-4.337854 
-4.536912 
-3.848307 
-4.977976 
-3.639255 
-4.628325 
-4.397111 
-4.175500 
-4.339151 
-4.378915 
-4.248456 
-4.420653 
-4.052257 
-4.679978 
-4.687973 
-4.356653 
-4.251888 
-4.735219 
-4.230545 
-5.033896 
-3.804110 
-5.237927 
-4.365161 
-4.603376 
-4.786233 
-4.874660 
-4.811762 
-5.824660 
-3.954393 
-12.255548 
2.837460 
-3.975101 
-3.876785 
-3.669409 
-3.978412 
-4.426661 
-3.993511 
-4.191899 
-4.649195 
-4.055992 
-4.509218 
-4.750536 
-4.058975 
-4.571874 
-4.394588 
-4.450430 
-4.675257 
-4.699540 
-4.461927 
-4.647675 
-4.439319 
-4.752830 
-5.044609 
-3.866324 
-5.037558 
-4.386939 
-4.861710 
-4.639080 
-0.124510 
0.069315 
-0.025914 
0.034914 
0.013975 
-0.041514 
-0.016079 
0.054073 
-0.002411 
0.055716 
-0.121471 
0.038877 
0.028233 
-0.011595 
0.012780 
0.025656 
-0.003668 
-0.029806 
0.049495 
-0.038074 
-0.029364 
0.046545 
-0.007266 
0.014561 
-0.030411 
0.019734 
0.025562 
-0.032832 
0.045496 
-0.032868 
0.005027 
0.001621 
0.017357 
-0.021768 
0.043532 
-0.011278 
-0.038515 
0.011810 
0.038709 
0.010797 
-0.043997 
0.017011 
-0.011534 
0.052479 
-0.052180 
-0.018643 
0.029289 
-0.009044 
0.082873 
-0.101038 
0.023428 
-0.007210 
0.054400 
-0.030469 
-0.013959 
0.033704 
-0.019676 
0.021158 
-0.032212 
0.060989 
-0.039630 
0.012554 
0.043867 
-0.032675 
-4.829897 
-4.653433 
-4.354128 
-5.012820 
-3.866695 
-5.009872 
-4.671560 
-4.449791 
-4.547052 
-4.366775 
-4.785133 
-4.500801 
-4.450777 
-4.438314 
-4.566305 
-4.052851 
-4.794012 
-4.461890 
-4.159443 
-4.643732 
-4.234002 
-4.021875 
-4.458667 
-3.981558 
-3.773168 
-3.845439 
-4.011849 
2.772504 
-12.182826 
-4.124933 
-5.728414 
-4.884535 
-4.842719 
-4.882631 
-4.555171 
-4.402187 
-5.249457 
-3.799346 
-5.062922 
-4.184088 
-4.840164 
-4.189258 
-4.431546 
-4.570652 
-4.846984 
-3.965727 
-4.433459 
-4.263203 
-4.416752 
-4.349080 
-4.084940 
-4.468859 
-4.540067 
-3.807207 
-4.860483 
-3.898053 
-4.551282 
-4.258942 
-4.205761 
-4.330052 
-4.042835 
-4.603776 
-4.141961 
-4.246679 
0.010236 
0.002554 
0.031730 
-0.053821 
0.027639 
0.002110 
0.035913 
-0.066661 
0.036657 
0.020785 
-0.052490 
0.029834 
0.032153 
-0.067419 
0.062217 
-0.062538 
0.040041 
-0.014358 
0.045692 
-0.074873 
0.040375 
-0.004457 
0.005225 
0.000527 
0.000716 
0.005814 
-0.000688 
-0.001710 
0.008482 
-0.007236 
0.039145 
-0.070931 
0.034820 
0.023950 
-0.054033 
0.029647 
-0.002517 
0.002531 
0.004158 
0.005132 
-0.002221 
0.029457 
-0.035264 
-0.020259 
0.024054 
0.030443 
-0.031174 
-0.033966 
0.059873 
-0.029120 
-0.009946 
-0.029580 
0.031233 
0.005373 
-0.003788 
0.037253 
-0.064814 
0.036165 
-0.005680 
0.005069 
0.003925 
0.003422 
0.003435 
-0.066261 
4.228734 
4.160943 
4.581463 
3.999858 
4.351439 
4.215538 
4.254238 
4.562551 
3.889191 
4.926127 
3.669035 
4.616030 
4.458606 
4.080555 
4.388028 
4.343385 
4.308307 
4.419673 
4.001060 
4.784126 
4.613195 
4.414195 
4.226734 
4.775728 
4.221470 
5.055563 
3.806249 
5.242106 
4.413216 
4.555425 
4.878617 
4.846181 
4.877894 
5.772530 
4.048858 
12.221179 
-2.776112 
4.010193 
3.887687 
3.692132 
4.026676 
4.448537 
4.028189 
4.236073 
4.646272 
4.160806 
4.461561 
4.800665 
4.044372 
4.607840 
4.370202 
4.484988 
4.525300 
4.737186 
4.382388 
4.608948 
4.332078 
4.734118 
5.006636 
3.868260 
5.054719 
4.299148 
4.693929 
4.796780 
0.096139 
-0.067664 
0.024634 
-0.034422 
-0.014255 
0.043524 
0.016071 
-0.051390 
0.000184 
-0.054069 
0.120656 
-0.038336 
-0.026827 
0.013065 
-0.014540 
-0.025473 
0.005338 
0.028662 
-0.048565 
0.039219 
0.027657 
-0.046034 
0.009190 
-0.016097 
0.032355 
-0.021603 
-0.023253 
0.032491 
-0.047079 
0.035191 
-0.006926 
-0.000143 
-0.019415 
0.024007 
-0.044324 
0.011747 
0.040516 
-0.013858 
-0.036537 
-0.011832 
0.044167 
-0.017508 
0.010804 
-0.049739 
0.050944 
0.018815 
-0.028675 
0.007900 
-0.081999 
0.102803 
-0.024432 
0.006226 
-0.054042 
0.032506 
0.011946 
-0.030936 
0.019044 
-0.021746 
0.032594 
-0.059570 
0.039985 
-0.007623 
-0.044207 
0.074013 
-4.317815 
-4.023034 
-4.599500 
-4.055180 
-4.378934 
-4.065072 
-4.378668 
-4.583069 
-3.822203 
-4.827621 
-3.762870 
-4.650317 
-4.437799 
-4.056892 
-4.398724 
-4.369158 
-4.251181 
-4.514623 
-3.935224 
-4.778928 
-4.681837 
-4.308484 
-4.230375 
-4.842828 
-4.278576 
-4.846896 
-3.947595 
-5.216075 
-4.387738 
-4.562885 
-4.905743 
-4.814127 
-4.897456 
-5.806345 
-4.050713 
-12.235199 
2.888824 
-4.103360 
-3.890386 
-3.600325 
-4.079469 
-4.459083 
-4.022698 
-4.284260 
-4.574976 
-4.329668 
-4.199406 
-4.990847 
-3.889106 
-4.695980 
-4.346280 
-4.415625 
-4.673651 
-4.600243 
-4.530720 
-4.504840 
-4.319423 
-4.652649 
-5.053494 
-3.907747 
-5.018536 
-4.353093 
-4.590266 
-4.847712 
6.991361 
5.502952 
6.626153 
7.546051 
5.569702 
6.385515 
4.875681 
7.233593 
4.894768 
5.588907 
2.975742 
9.703305 
5.718610 
6.772320 
6.106651 
6.553554 
5.241804 
5.398391 
5.849101 
6.755865 
5.019221 
4.811523 
5.883559 
5.155843 
4.927879 
5.667876 
5.440955 
7.219877 
2.779296 
4.347835 
4.100932 
3.145589 
4.968282 
3.675484 
4.395872 
4.323163 
3.233302 
4.825333 
3.027331 
4.062528 
3.817246 
6.026442 
1.106415 
0.155664 
4.502716 
2.896315 
0.397998 
3.950082 
2.430345 
1.606384 
2.353452 
2.659810 
2.593334 
5.354230 
-2.352294 
0.215815 
1.357046 
0.086914 
1.193507 
0.618565 
1.024671 
0.105059 
0.552913 
-0.058258 
-4.228785 
-4.159645 
-4.584071 
-4.001593 
-4.340577 
-4.227360 
-4.244781 
-4.563712 
-3.898978 
-4.919540 
-3.667836 
-4.618661 
-4.454444 
-4.086930 
-4.379009 
-4.352492 
-4.305656 
-4.420442 
-4.006682 
-4.777043 
-4.610785 
-4.424041 
-4.215546 
-4.782402 
-4.219283 
-5.053540 
-3.810329 
-5.239849 
-4.417283 
-4.553866 
-4.874540 
-4.852474 
-4.874292 
-5.783495 
-4.032789 
-12.226232 
2.773416 
-4.007668 
-3.885175 
-3.688099 
-4.037436 
-4.432607 
-4.042391 
-4.225752 
-4.654086 
-4.156787 
-4.454883 
-4.804497 
-4.036316 
-4.616186 
-4.359074 
-4.484244 
-4.526260 
-4.732868 
-4.382291 
-4.598110 
-4.331550 
-4.733580 
-5.005208 
-3.872113 
-5.072724 
-4.305867 
-4.689287 
-4.745363 
-0.125572 
0.071301 
-0.025634 
0.033663 
0.012675 
-0.043657 
-0.017960 
0.051168 
-0.001468 
0.053871 
-0.121775 
0.037371 
0.027024 
-0.013161 
0.013530 
0.024947 
-0.005385 
-0.028352 
0.048435 
-0.039297 
-0.028724 
0.046964 
-0.009959 
0.016499 
-0.032138 
0.021364 
0.023433 
-0.032705 
0.047149 
-0.035498 
0.006459 
0.001473 
0.019209 
-0.023748 
0.043426 
-0.010515 
-0.040472 
0.012946 
0.037637 
0.010676 
-0.042344 
0.015938 
-0.010168 
0.050344 
-0.051785 
-0.018702 
0.029718 
-0.008496 
0.081984 
-0.101955 
0.023970 
-0.006809 
0.053929 
-0.032180 
-0.012549 
0.032087 
-0.020455 
0.021598 
-0.032893 
0.059128 
-0.041010 
0.007238 
0.043760 
-0.072966 
0.000587 
-0.016428 
0.035958 
0.004758 
-0.020188 
0.065344 
-0.124426 
0.035704 
-0.004860 
-0.003524 
0.000783 
-0.043458 
0.073732 
-0.052896 
0.001239 
0.013173 
-0.065921 
0.120944 
-0.154622 
0.112950 
-0.114847 
0.103746 
-0.062933 
0.043281 
-0.011509 
-0.073072 
0.092703 
-0.089769 
0.080159 
-0.081401 
0.058264 
-0.046309 
-0.027377 
0.132908 
-0.154190 
0.050264 
0.006737 
0.024771 
-0.054962 
0.003836 
-0.005655 
0.002012 
-0.022254 
0.031054 
-0.014424 
0.007105 
-0.075410 
0.068874 
-0.033433 
-0.008895 
0.039789 
-0.003318 
0.024131 
0.075596 
0.046499 
0.052770 
0.052318 
0.029074 
0.099507 
0.032387 
0.098289 
0.077425 
0.166544 
0.490114 
-0.504359 
-0.567279 
-0.359055 
-0.656934 
-0.544489 
-1.191385 
-0.031238 
-2.094722 
-1.275508 
-0.612212 
-2.421141 
-1.627000 
-1.438236 
-2.593673 
-1.604306 
-2.708890 
-2.075541 
-3.244658 
-1.750691 
-4.221675 
-2.686585 
-2.471843 
-3.883508 
-2.833515 
-3.983310 
-3.073639 
-4.315206 
-4.216141 
-3.318397 
-4.829804 
-3.949327 
-3.846023 
-5.060834 
-4.341775 
-4.796496 
-4.223579 
-5.635960 
-4.879277 
-4.983429 
-5.425078 
-4.872355 
-5.493898 
-5.048958 
-5.216241 
-6.220764 
-4.884026 
-6.169757 
-5.384983 
-5.953632 
-6.008110 
-5.749947 
-6.054427 
-6.466837 
-5.595210 
-6.009678 
-6.069849 
-6.501088 
-5.896765 
-7.499540 
-5.177193 
-6.753774 
-6.158219 
-6.486218 
-6.693253 
-0.002773 
-0.002036 
-0.002849 
-0.000813 
0.003362 
-0.012668 
0.010708 
-0.005718 
-0.000074 
0.002647 
-0.005294 
0.002808 
-0.001618 
-0.003501 
0.011315 
-0.011602 
0.002432 
0.005172 
-0.007242 
0.005914 
-0.003242 
-0.000173 
-0.000748 
-0.004222 
0.011293 
-0.011605 
0.001908 
0.004132 
-0.007113 
0.006653 
-0.007858 
0.012269 
-0.012242 
0.006610 
-0.006117 
0.003585 
0.002054 
-0.002238 
-0.000602 
-0.001066 
0.001949 
0.001520 
-0.004369 
0.002090 
0.003233 
-0.005688 
0.001600 
0.001788 
0.000901 
-0.006059 
0.003928 
0.002523 
-0.001263 
-0.003445 
0.003116 
-0.002141 
0.005784 
-0.001531 
-0.000997 
-0.001257 
0.000258 
-0.002816 
-0.006688 
0.026947 
-0.010103 
0.001650 
0.000606 
0.000001 
0.002819 
0.004667 
-0.003937 
0.006590 
0.000637 
-0.002578 
0.002731 
0.003465 
-0.001415 
0.005110 
-0.000151 
0.001441 
0.001891 
0.001561 
-0.001052 
0.006814 
-0.003630 
0.003569 
-0.001026 
0.004589 
0.000887 
-0.000325 
0.003666 
0.001941 
-0.000879 
0.003725 
-0.001792 
0.004760 
-0.002106 
0.001995 
0.001118 
0.002456 
0.001821 
-0.000334 
0.002733 
-0.003447 
0.005983 
-0.000331 
-0.000319 
0.002996 
-0.000937 
-0.000610 
0.002923 
-0.001082 
0.003198 
0.000718 
0.000412 
0.000620 
-0.000514 
0.003517 
-0.002872 
0.003407 
0.000214 
0.001160 
-0.003852 
0.008189 
-0.000493 
0.003592 
-0.005133 
0.061593 
-0.004919 
-0.006366 
0.000391 
-0.004477 
-0.001944 
0.012266 
-0.022494 
0.017335 
-0.008951 
0.008852 
-0.008116 
0.006383 
-0.008557 
0.001104 
-0.006913 
0.017573 
-0.015552 
0.007165 
0.000007 
-0.005513 
-0.000689 
0.003976 
-0.005218 
0.007279 
-0.005332 
0.001241 
-0.009416 
0.007979 
-0.000166 
-0.007608 
0.003517 
0.005243 
-0.002405 
-0.001448 
-0.007807 
0.001969 
0.006384 
-0.011398 
0.008255 
-0.014040 
0.010302 
-0.006309 
0.003563 
-0.002146 
-0.004774 
-0.000480 
-0.001196 
-0.008326 
0.006893 
-0.000283 
-0.004979 
-0.003394 
0.011467 
-0.019548 
0.017564 
-0.007156 
0.001721 
0.010730 
0.002075 
-0.000433 
0.004214 
-0.002008 
-0.015841 
-0.096645 
0.123773 
0.597341 
-0.073506 
1.159362 
0.589977 
1.191470 
0.073104 
1.344612 
0.219220 
-2.318857 
5.350916 
2.621316 
2.615946 
2.347080 
1.724342 
2.355070 
4.109588 
0.061275 
3.020593 
4.585321 
0.139606 
1.109668 
6.186320 
3.501509 
4.213658 
3.006589 
4.934113 
3.042296 
4.446438 
4.452543 
3.521747 
5.018655 
3.405421 
3.621369 
4.607701 
2.869613 
6.970656 
5.748853 
5.197155 
5.197556 
5.115397 
5.912172 
4.805109 
5.040284 
6.819344 
5.908753 
5.168344 
5.355322 
6.552882 
6.077210 
6.825975 
5.642869 
9.732144 
3.093488 
5.527960 
4.911047 
7.173783 
4.922216 
6.400241 
5.601706 
7.677059 
6.314242 
5.604650 
7.049139 
-0.008847 
0.026239 
0.000893 
0.011031 
0.015054 
-0.008719 
0.018487 
0.000098 
0.011449 
-0.002241 
0.010130 
-0.002899 
0.010745 
-0.004195 
0.015217 
-0.001905 
0.004277 
0.004464 
0.003814 
0.001885 
0.006726 
-0.004236 
0.010745 
-0.004763 
0.012078 
-0.005256 
0.010125 
0.002691 
-0.005873 
0.001984 
0.005446 
0.009865 
-0.002610 
-0.004439 
0.008608 
-0.001695 
0.007942 
0.004307 
-0.007375 
0.015867 
-0.014669 
0.016231 
-0.003926 
-0.001315 
0.008077 
0.003662 
-0.003358 
0.005220 
-0.000075 
-0.001468 
0.003975 
0.003115 
-0.000203 
0.007517 
-0.006203 
0.004295 
-0.002251 
0.006827 
-0.003075 
0.002982 
0.002493 
0.003462 
0.011124 
0.049136 
0.030196 
-0.003329 
0.003972 
0.003799 
-0.004772 
0.005904 
-0.001667 
-0.002086 
0.001682 
0.006092 
-0.007086 
0.005606 
-0.003854 
0.006468 
-0.007740 
0.006384 
-0.004124 
0.002315 
-0.000828 
0.000336 
0.003141 
-0.003183 
0.002040 
0.000638 
0.001091 
-0.004527 
0.003671 
-0.008116 
0.012204 
-0.007167 
0.004148 
-0.000636 
-0.005971 
0.014087 
-0.017503 
0.017225 
-0.014477 
0.008267 
-0.000962 
-0.006085 
0.011265 
-0.009504 
0.001309 
0.007017 
-0.008735 
0.001957 
0.004656 
-0.004736 
0.002373 
-0.001984 
0.002468 
-0.002860 
0.004643 
-0.007033 
0.005670 
-0.004213 
0.006395 
-0.005457 
0.003057 
-0.001748 
-0.000394 
0.000068 
-0.003218 
-0.005676 
0.067774 
0.489778 
0.274602 
0.601111 
0.505376 
1.153851 
0.008695 
2.070570 
1.263901 
0.597277 
2.416146 
1.624884 
1.433006 
2.593117 
1.603656 
2.703141 
2.087468 
3.233543 
1.759774 
4.218683 
2.687119 
2.475225 
3.889177 
2.837047 
3.980837 
3.075621 
4.327522 
4.208644 
3.323248 
4.826839 
3.956551 
3.850403 
5.060563 
4.345299 
4.795115 
4.228657 
5.638026 
4.881289 
4.980812 
5.436715 
4.867539 
5.493755 
5.058086 
5.216569 
6.216129 
4.888067 
6.177513 
5.382759 
5.955597 
6.013695 
5.751717 
6.044938 
6.481609 
5.583237 
6.021695 
6.061742 
6.511106 
5.895601 
7.496263 
5.185010 
6.762127 
6.153759 
6.491273 
6.766368 
6.846243 
6.493844 
6.149515 
6.757956 
5.179013 
7.491788 
5.892148 
6.502786 
6.060847 
6.013949 
5.586316 
6.477682 
6.041057 
5.752992 
6.011106 
5.947871 
5.388160 
6.176745 
4.882688 
6.218579 
5.216875 
5.052384 
5.495168 
4.866282 
5.436773 
4.979653 
4.882260 
5.638854 
4.226981 
4.790235 
4.351214 
5.056612 
3.848390 
3.959537 
4.826584 
3.322236 
4.208407 
4.330358 
3.070497 
3.981532 
2.839594 
3.887435 
2.474315 
2.688690 
4.217273 
1.761593 
3.231582 
2.087190 
2.698830 
1.604703 
2.597169 
1.433254 
1.622498 
2.419517 
0.594865 
1.264714 
2.069260 
0.011165 
1.150954 
0.502460 
0.605711 
0.273827 
0.487594 
0.056804 
0.008600 
-0.026878 
-0.001133 
-0.012585 
-0.009984 
0.003738 
-0.017553 
-0.002111 
-0.010045 
0.005478 
-0.014365 
0.003386 
-0.008456 
0.000495 
-0.013236 
0.002563 
-0.007996 
-0.000308 
-0.009505 
0.003345 
-0.011478 
0.006993 
-0.011571 
0.006920 
-0.014455 
0.003530 
-0.007117 
-0.005059 
0.008259 
-0.004752 
-0.006288 
-0.007961 
-0.000093 
0.009518 
-0.014595 
0.007931 
-0.015783 
0.002676 
0.001811 
-0.011698 
0.010938 
-0.014260 
0.002706 
0.002845 
-0.011804 
0.001109 
-0.004397 
0.000129 
-0.004627 
0.003919 
-0.004926 
-0.002100 
-0.005161 
-0.007285 
0.005439 
-0.006196 
0.001484 
-0.009435 
0.002194 
-0.005621 
-0.003908 
-0.006013 
-0.007126 
0.063796 
-0.000319 
0.000068 
-0.000104 
0.000003 
0.000023 
-0.000017 
-0.000480 
0.000700 
0.000762 
-0.001260 
0.000613 
-0.000021 
0.000116 
0.000201 
-0.000108 
-0.000783 
0.001778 
-0.001655 
0.000773 
0.000253 
-0.000231 
0.000101 
0.000079 
-0.000801 
0.001527 
-0.001455 
0.000544 
0.000303 
-0.000934 
0.001589 
-0.001525 
0.000947 
-0.000314 
-0.000618 
0.001720 
-0.001837 
0.001811 
-0.001632 
0.000702 
0.000027 
-0.000075 
-0.000672 
0.001518 
-0.001568 
0.000772 
0.000045 
-0.000155 
-0.000513 
0.001271 
-0.000762 
-0.000511 
0.000615 
-0.000149 
0.000933 
-0.001524 
0.000651 
-0.000063 
-0.000002 
-0.000029 
0.000027 
-0.000527 
0.000681 
0.000381 
0.001311 
-0.063625 
-0.489872 
-0.273071 
-0.601007 
-0.505334 
-1.154050 
-0.008832 
-2.069878 
-1.264965 
-0.596533 
-2.416728 
-1.624654 
-1.432119 
-2.593323 
-1.603942 
-2.703553 
-2.086708 
-3.234247 
-1.760003 
-4.217458 
-2.687147 
-2.475855 
-3.887927 
-2.837970 
-3.980565 
-3.075435 
-4.327207 
-4.208289 
-3.324274 
-4.824859 
-3.957320 
-3.849746 
-5.060784 
-4.345842 
-4.793130 
-4.229638 
-5.636273 
-4.882396 
-4.981053 
-5.434157 
-4.869197 
-5.492973 
-5.057767 
-5.216440 
-6.215084 
-4.888002 
-6.176456 
-5.382585 
-5.954581 
-6.013444 
-5.751355 
-6.043744 
-6.481040 
-5.582876 
-6.020480 
-6.061073 
-6.509786 
-5.894407 
-7.494129 
-5.183562 
-6.758943 
-6.147975 
-6.487546 
-6.694579 
-6.767409 
-6.491588 
-6.154091 
-6.761922 
-5.184808 
-7.496033 
-5.895482 
-6.510400 
-6.062090 
-6.020872 
-5.583491 
-6.480893 
-6.044524 
-5.751521 
-6.013871 
-5.954934 
-5.382134 
-6.177642 
-4.887447 
-6.215852 
-5.216727 
-5.057423 
-5.493092 
-4.868692 
-5.435344 
-4.980927 
-4.881191 
-5.637793 
-4.228935 
-4.794225 
-4.345409 
-5.060123 
-3.850519 
-3.956566 
-4.826181 
-3.323558 
-4.208510 
-4.327132 
-3.075939 
-3.980066 
-2.837825 
-3.888677 
-2.475008 
-2.687357 
-4.218186 
-1.759754 
-3.233762 
-2.087149 
-2.703423 
-1.603386 
-2.593237 
-1.432999 
-1.624475 
-2.416739 
-0.596733 
-1.264230 
-2.070782 
-0.008138 
-1.154142 
-0.505460 
-0.600576 
-0.274252 
-0.488928 
-0.061317 
-0.008056 
0.025960 
0.001850 
0.011250 
0.013716 
-0.007557 
0.019643 
-0.001807 
0.012149 
-0.002359 
0.010505 
-0.002549 
0.008936 
-0.002881 
0.016973 
-0.004340 
0.005664 
0.004806 
0.004250 
0.001586 
0.006294 
-0.002693 
0.008380 
-0.004085 
0.012720 
-0.004744 
0.010165 
0.001743 
-0.005184 
0.002372 
0.006778 
0.008124 
-0.001725 
-0.005585 
0.009570 
-0.001709 
0.009292 
0.002411 
-0.006391 
0.016216 
-0.013832 
0.014767 
-0.003592 
-0.000142 
0.008302 
0.002312 
-0.000396 
0.003405 
0.001706 
-0.001646 
0.003776 
0.003319 
0.001012 
0.007856 
-0.004380 
0.003424 
-0.001514 
0.007332 
-0.003145 
0.003037 
0.000877 
-0.000615 
-0.002305 
-0.037482 
0.000268 
-0.000086 
0.000088 
-0.000015 
-0.000036 
0.000010 
0.000476 
-0.000722 
-0.000773 
0.001272 
-0.000629 
0.000013 
-0.000127 
-0.000198 
0.000095 
0.000795 
-0.001807 
0.001673 
-0.000784 
-0.000274 
0.000254 
-0.000132 
-0.000054 
0.000785 
-0.001535 
0.001461 
-0.000537 
-0.000322 
0.000950 
-0.001612 
0.001535 
-0.000950 
0.000312 
0.000620 
-0.001739 
0.001867 
-0.001850 
0.001665 
-0.000721 
-0.000024 
0.000082 
0.000662 
-0.001521 
0.001590 
-0.000800 
-0.000029 
0.000162 
0.000501 
-0.001285 
0.000792 
0.000505 
-0.000634 
0.000150 
-0.000923 
0.001539 
-0.000663 
0.000056 
0.000001 
0.000022 
-0.000016 
0.000530 
-0.000672 
-0.000370 
-0.001276 
0.063593 
0.489873 
0.273073 
0.601013 
0.505358 
1.154076 
0.008827 
2.069934 
1.264969 
0.596574 
2.416745 
1.624710 
1.432156 
2.593363 
1.603984 
2.703602 
2.086770 
3.234302 
1.760055 
4.217539 
2.687197 
2.475933 
3.888002 
2.838037 
3.980643 
3.075518 
4.327289 
4.208379 
3.324364 
4.824961 
3.957402 
3.849857 
5.060877 
4.345947 
4.793238 
4.229753 
5.636387 
4.882514 
4.981169 
5.434291 
4.869308 
5.493107 
5.057896 
5.216561 
6.215244 
4.888124 
6.176613 
5.382721 
5.954733 
6.013599 
5.751507 
6.043893 
6.481205 
5.583034 
6.020642 
6.061246 
6.509959 
5.894566 
7.494326 
5.183721 
6.759136 
6.148166 
6.487751 
6.694974 
6.768659 
6.491838 
6.154387 
6.762178 
5.185019 
7.496273 
5.895684 
6.510613 
6.062290 
6.021066 
5.583687 
6.481068 
6.044714 
5.751689 
6.014052 
5.955116 
5.382275 
6.177837 
4.887572 
6.216036 
5.216876 
5.057554 
5.493240 
4.868810 
5.435505 
4.981054 
4.881294 
5.637945 
4.229043 
4.794369 
4.345502 
5.060228 
3.850635 
3.956646 
4.826306 
3.323635 
4.208618 
4.327211 
3.076034 
3.980134 
2.837905 
3.888764 
2.475063 
2.687421 
4.218282 
1.759799 
3.233810 
2.087220 
2.703462 
1.603423 
2.593280 
1.433063 
1.624500 
2.416781 
0.596763 
1.264245 
2.070822 
0.008151 
1.154163 
0.505467 
0.600585 
0.274279 
0.488935 
0.061349 
0.002600 
-0.006264 
-0.001608 
-0.007383 
-0.004937 
0.003708 
-0.013158 
0.003266 
-0.007092 
-0.008996 
0.004456 
-0.007636 
-0.000399 
0.001623 
-0.013094 
-0.000380 
0.004549 
-0.014127 
0.004928 
-0.006304 
-0.005551 
0.004808 
-0.007547 
0.001449 
-0.011768 
0.010331 
-0.011965 
0.004408 
-0.002964 
-0.001500 
-0.003758 
-0.006390 
0.002532 
-0.003476 
0.006257 
-0.016760 
0.009065 
-0.010986 
0.006512 
-0.006943 
-0.002402 
-0.000618 
0.001897 
-0.008487 
0.003574 
-0.005228 
-0.001168 
0.001009 
-0.005319 
0.004767 
-0.008113 
0.000924 
-0.000863 
0.000490 
-0.004180 
0.003939 
-0.005590 
0.001122 
0.003783 
-0.000549 
0.003437 
0.006103 
0.015740 
0.023114 
-0.039322 
-0.000404 
-0.003071 
0.004378 
-0.002057 
-0.000184 
0.001245 
0.004109 
-0.003937 
0.003978 
-0.001398 
0.001655 
0.003901 
0.001288 
0.001821 
-0.000851 
0.002583 
-0.000696 
0.002035 
0.002173 
0.000650 
0.000941 
0.004168 
-0.001744 
0.007334 
-0.006132 
0.005796 
0.001113 
-0.000891 
0.002391 
0.001074 
0.004200 
-0.004906 
0.006053 
-0.000696 
0.000610 
0.003091 
0.000683 
0.004638 
-0.002868 
0.000842 
0.003373 
-0.003381 
0.006025 
-0.000189 
-0.001218 
0.001832 
0.001394 
-0.002006 
0.000609 
0.003163 
-0.003034 
-0.001071 
0.006520 
-0.005163 
0.003608 
-0.003903 
0.001958 
-0.001430 
0.001965 
0.002915 
0.003348 
0.007730 
0.057127 
-0.031404 
0.019854 
-0.039870 
-0.008565 
0.025099 
-0.071153 
0.125799 
-0.033109 
0.004024 
-0.003588 
0.006997 
0.037923 
-0.069682 
0.046648 
0.006543 
-0.019977 
0.071407 
-0.124325 
0.156272 
-0.113170 
0.111794 
-0.100390 
0.061056 
-0.044461 
0.011881 
0.076464 
-0.095651 
0.097998 
-0.092687 
0.089852 
-0.063395 
0.047777 
0.033166 
-0.147114 
0.172941 
-0.068529 
0.009129 
-0.034070 
0.056584 
0.002355 
-0.005217 
0.006667 
0.022676 
-0.039260 
0.023845 
-0.008755 
0.070746 
-0.064446 
0.032398 
0.010355 
-0.042520 
0.006753 
-0.028654 
-0.067650 
-0.053206 
-0.047959 
-0.058710 
-0.023513 
-0.102566 
-0.030545 
-0.098476 
-0.077206 
-0.163653 
-0.486574 
-6.844100 
-6.477419 
-6.151752 
-6.746754 
-5.167985 
-7.493286 
-5.891441 
-6.491069 
-6.066965 
-6.000869 
-5.596744 
-6.461477 
-6.049944 
-5.749988 
-6.004445 
-5.945067 
-5.389576 
-6.168425 
-4.877727 
-6.222758 
-5.215759 
-5.042460 
-5.495138 
-4.868546 
-5.426645 
-4.981207 
-4.878434 
-5.637479 
-4.220124 
-4.792899 
-4.346273 
-5.055826 
-3.843892 
-3.951055 
-4.830771 
-3.315829 
-4.215536 
-4.317747 
-3.068089 
-3.983838 
-2.834527 
-3.882379 
-2.469832 
-2.687781 
-4.220705 
-1.751973 
-3.241620 
-2.075414 
-2.703670 
-1.605018 
-2.596885 
-1.439030 
-1.624359 
-2.423628 
-0.610207 
-1.275123 
-2.093584 
-0.033275 
-1.188191 
-0.541188 
-0.661716 
-0.359732 
-0.565019 
-0.500382 
0.031656 
-0.019548 
0.040141 
0.008970 
-0.024971 
0.071368 
-0.125531 
0.033309 
-0.003394 
0.003796 
-0.007027 
-0.037334 
0.069607 
-0.045771 
-0.006609 
0.020093 
-0.070750 
0.124191 
-0.155825 
0.113386 
-0.111313 
0.100161 
-0.060079 
0.044094 
-0.011051 
-0.076763 
0.096026 
-0.097554 
0.092804 
-0.089440 
0.063461 
-0.047427 
-0.033161 
0.147613 
-0.172870 
0.068978 
-0.009125 
0.034520 
-0.056550 
-0.002102 
0.005786 
-0.007138 
-0.021772 
0.039144 
-0.023635 
0.009112 
-0.070480 
0.064395 
-0.031980 
-0.009896 
0.042456 
-0.006543 
0.029003 
0.068022 
0.053187 
0.048271 
0.058868 
0.023598 
0.102785 
0.030688 
0.098530 
0.077515 
0.163798 
0.486577 
6.844083 
6.477594 
6.151936 
6.746947 
5.168213 
7.493528 
5.891593 
6.491353 
6.067173 
6.001073 
5.596991 
6.461715 
6.050166 
5.750209 
6.004715 
5.945297 
5.389817 
6.168704 
4.877943 
6.223042 
5.216016 
5.042720 
5.495395 
4.868821 
5.426901 
4.981499 
4.878693 
5.637775 
4.220422 
4.793178 
4.346544 
5.056138 
3.844166 
3.951358 
4.831045 
3.316142 
4.215840 
4.318047 
3.068407 
3.984120 
2.834860 
3.882691 
2.470109 
2.688102 
4.221047 
1.752253 
3.241961 
2.075722 
2.703971 
1.605345 
2.597208 
1.439348 
1.624641 
2.423987 
0.610490 
1.275455 
2.093886 
0.033571 
1.188525 
0.541420 
0.662009 
0.359968 
0.565311 
0.500509 
-0.008795 
0.009027 
-0.007223 
-0.004833 
0.009296 
-0.021693 
0.010705 
-0.006943 
-0.001561 
-0.011769 
0.003309 
-0.009089 
0.003971 
-0.007958 
0.009651 
-0.017652 
0.006784 
-0.004159 
-0.003348 
-0.002455 
-0.006482 
-0.000751 
-0.001543 
-0.009499 
0.007187 
-0.005463 
-0.006901 
0.012699 
-0.022116 
0.009313 
-0.012694 
0.018030 
-0.020442 
-0.000838 
0.007315 
-0.021387 
0.021694 
-0.016797 
0.003346 
-0.002888 
-0.009235 
0.009753 
-0.006910 
-0.009898 
0.012172 
-0.011957 
-0.003330 
0.006401 
-0.007633 
-0.004940 
-0.000404 
0.001423 
-0.003082 
-0.001702 
-0.004997 
0.002860 
-0.007047 
0.004951 
-0.005316 
-0.001461 
0.001400 
-0.002828 
0.004238 
0.003118 
0.001915 
-0.006921 
-0.001129 
0.001746 
0.002381 
0.002403 
-0.004970 
0.008665 
-0.002719 
-0.000619 
-0.000737 
0.005241 
-0.000361 
0.002090 
0.001915 
0.000862 
0.002095 
-0.000081 
-0.000017 
0.006043 
-0.003447 
0.003929 
0.000275 
0.001601 
0.005418 
-0.005739 
0.005456 
0.002861 
-0.002157 
0.004353 
-0.000630 
0.005238 
-0.006268 
0.004961 
0.001144 
-0.000311 
0.003479 
0.001146 
0.004114 
-0.005064 
0.004815 
0.002159 
-0.002089 
0.003681 
0.001043 
-0.002766 
0.003123 
0.001030 
0.000234 
-0.000981 
0.004486 
-0.002138 
-0.000131 
0.007156 
-0.006991 
0.003990 
-0.001003 
0.001459 
-0.004464 
0.008393 
-0.000021 
0.001524 
0.000375 
0.082759 
-0.007496 
0.016584 
0.000399 
0.001070 
0.014063 
-0.013294 
0.012418 
-0.008040 
0.008935 
-0.006490 
0.007765 
-0.009499 
0.007945 
-0.004979 
0.011369 
-0.012228 
0.008993 
-0.003975 
-0.000269 
0.003927 
-0.008674 
0.008510 
-0.004189 
0.000367 
-0.001409 
0.002496 
0.002350 
0.001676 
-0.004386 
-0.003051 
0.003556 
-0.000460 
-0.001887 
-0.000913 
0.004148 
-0.005310 
0.004127 
0.002753 
-0.012835 
0.021976 
-0.025020 
0.015691 
-0.003485 
-0.004058 
0.006339 
0.001406 
-0.007996 
0.009081 
-0.008851 
0.009118 
-0.009102 
0.008153 
-0.007186 
0.010887 
-0.006695 
0.003198 
-0.004642 
0.003431 
0.000814 
-0.001333 
0.000876 
-0.002178 
0.001717 
0.072018 
-0.008455 
0.017325 
-0.002603 
0.004357 
0.007900 
-0.010791 
0.013230 
-0.000230 
0.003556 
-0.009753 
0.010379 
-0.005733 
0.005238 
-0.002736 
0.009346 
-0.008070 
0.007142 
-0.002671 
0.005049 
-0.005301 
0.006450 
-0.008003 
0.009130 
-0.010057 
0.010864 
-0.003348 
-0.000855 
0.010111 
-0.015768 
0.007706 
-0.002699 
0.012273 
-0.008898 
-0.006266 
0.012177 
-0.015143 
0.019213 
-0.009452 
0.000891 
0.003622 
-0.007812 
0.010079 
-0.002801 
-0.007343 
0.011863 
-0.005663 
0.002433 
0.000771 
0.000612 
-0.005114 
0.002999 
0.000858 
0.002894 
0.003970 
-0.006332 
0.006488 
-0.003610 
0.007799 
-0.003212 
0.004415 
0.004684 
0.006295 
0.012916 
-0.015208 
0.009715 
-0.000116 
0.004738 
0.000124 
-0.006842 
0.018703 
-0.018938 
0.009762 
0.002913 
-0.000191 
-0.003612 
0.008396 
-0.007243 
0.000781 
-0.006016 
0.011554 
-0.008608 
0.004430 
0.000374 
-0.004173 
0.000393 
0.003842 
-0.005579 
0.004966 
-0.002895 
0.002145 
-0.003310 
-0.003070 
0.012975 
-0.017332 
0.011540 
-0.005781 
0.003768 
0.006492 
-0.015760 
0.009496 
-0.001063 
-0.006780 
0.005045 
-0.005803 
0.005472 
-0.009588 
0.009549 
-0.001018 
-0.010065 
0.007597 
-0.004917 
-0.006655 
0.007173 
0.003937 
-0.011224 
0.003316 
0.004731 
-0.008862 
0.001590 
-0.005231 
0.002834 
-0.000164 
0.002485 
-0.000971 
0.003631 
0.001365 
-0.013548 
-0.099186 
