412918737.477689 
-201110094.034540 
23294607.658345 
-10711889.937557 
8753803.766662 
-15494194.942709 
3292832.389997 
-7402331.799618 
2914170.787617 
-5255147.885496 
3922845.965006 
-487531.543570 
-3648910.471664 
-4618225.022859 
5489773.572699 
1070263.495827 
-2989305.031573 
-697093.863699 
-2916366.797001 
-520028.708562 
8261134.155627 
-9311741.367244 
7185761.287427 
-3959004.202897 
-4580457.102719 
6237064.338808 
-3957170.246058 
4641274.447353 
-2243134.986944 
1991920.607171 
6198609.707193 
-11442492.916188 
3199530.455206 
-3912235.608093 
10196294.493507 
-9883288.835289 
-443259.162984 
8669989.802145 
-8894818.101594 
8953910.111914 
-10529087.652075 
10900781.435688 
-3300282.699149 
-6069410.149591 
7796315.677323 
-1223247.396189 
-6841607.402035 
4931667.220895 
-49038.519574 
-6019600.511057 
4240314.885108 
2776756.757213 
584581.923123 
-2861054.165370 
1695092.414112 
-9205475.859038 
8055357.811513 
306123.510875 
-1634995.243133 
2154973.343241 
1118208.018293 
-190319.310445 
-2100069.000864 
-2829829.656453 
3906046.545213 
732906.382197 
-1130155.965869 
4909636.939719 
-3453715.284506 
303555.846201 
-229534.964093 
-462016.571258 
1471737.923065 
-4478777.859193 
2788542.332976 
-730885.260432 
2414330.911703 
-2055455.668109 
-2008752.276325 
3361823.623261 
-1273974.028186 
-495110.183818 
26314.316482 
1911340.146267 
-3858744.144447 
1291876.125439 
3826473.899053 
-2811305.985522 
367918.155874 
1768844.581330 
-4597061.817063 
4696274.642259 
-4879165.465838 
4655009.783625 
-1675078.926557 
-1117449.352855 
2845372.317406 
-4657242.942665 
4478261.962945 
-1965886.037451 
-709114.615367 
-239728.277326 
1697447.312437 
1212977.720764 
-1311241.671963 
-1202677.114732 
389163.118843 
-243229.572794 
-17974.940624 
2622431.269015 
-4979980.995204 
4866995.075471 
-2491158.015692 
408634.752636 
-1241504.458101 
1463090.658327 
-2192268.038446 
4656929.399357 
-5115993.026074 
2430378.699225 
-1528747.933694 
4898100.847079 
-3481040.706715 
389907.949820 
-356609.050435 
-810594.386062 
-124630.858946 
-2285723.842182 
2007494.008537 
1032806.226342 
292868.970257 
222632.331966 
-2035064.190035 
5001251.754329 
-2536687.353132 
-2173370.630194 
2220260.086291 
600655.163786 
-3062856.745906 
2040396.186439 
-1919549.982176 
-30971.040906 
870390.060312 
3966753.886143 
-6879804.412907 
6227577.273872 
-1065756.395206 
-666300.624097 
-5976712.453323 
12698143.293017 
-10926289.588464 
4483267.364786 
-564554.715681 
410088.162984 
2541060.457211 
-5900868.413599 
2362995.182918 
845315.899040 
3745841.132636 
-5122839.637097 
2719004.399564 
-5227880.329692 
5257929.863185 
-2387887.730381 
4338326.280349 
-6131536.581871 
7116979.799918 
-6525981.006323 
6918738.106384 
-6076522.409116 
2324618.432709 
-2301786.244984 
7151459.791465 
-4041777.585542 
2476685.285676 
-1770447.025925 
3554580.605541 
-2449825.615338 
3470692.069308 
-2820256.658525 
2543207.818623 
-659470.775083 
2280354.638455 
837037.122782 
2503207.387848 
3218531.745208 
-630287.769352 
5724949.850704 
4402119.438259 
5050170.295403 
-9331752.448288 
-313914702.826232 
-318199.900462 
636915.114212 
-13725.264204 
81363.103295 
17391.429960 
16980.216722 
16305.587293 
11104.321309 
8577.077816 
7724.648949 
8692.658440 
2040.825905 
7814.412678 
-2624.524060 
14658.137770 
-5723.634457 
6529.138666 
1739.417739 
2683.110690 
3355.524463 
4119.146139 
-1333.169244 
8600.359360 
1807.549252 
-897.401720 
-4851.564698 
14747.949838 
-7087.229742 
10607.939982 
-9273.256128 
10234.896606 
3974.330211 
-5581.790706 
8661.785279 
-6759.949218 
8254.620035 
1843.818577 
-4519.883675 
8417.873115 
-512.853381 
1116.519238 
7827.717256 
-5199.201521 
7308.120581 
-5022.359341 
7161.922702 
-1765.074729 
4238.188450 
3783.747459 
2593.875522 
-4279.853045 
9396.000726 
200.166096 
6315.999977 
4779.152801 
-1714.335780 
5801.637037 
10230.489905 
-3669.966027 
12821.991563 
14407.706092 
10044.785681 
52330.437980 
-119828.914329 
658602.532231 
-603500.988154 
66204.272121 
-53192.933396 
-9896.611323 
4927.909134 
-9592.120998 
-18353.969688 
-8308.865531 
12948.281256 
-13679.126180 
3774.570476 
1905.325919 
-15322.629094 
9400.252497 
19178.833964 
-41432.630215 
42538.007933 
-20865.201306 
4401.114473 
-9333.155241 
8461.852769 
-14002.439415 
19643.196718 
-15634.982523 
5611.433023 
2260.056103 
-9023.503349 
12019.254608 
-14888.742787 
25030.818017 
-16180.638405 
-2997.842570 
1862.299939 
-6578.717717 
16621.033887 
-18056.337145 
10667.212993 
6720.444699 
-10562.023360 
15743.614062 
-14359.369413 
-11177.409997 
21950.063465 
-12496.472230 
5228.690733 
-5692.481006 
7041.110491 
-12026.313954 
190.012529 
23194.509995 
-25059.526836 
12504.760743 
-18594.288893 
22680.599626 
-13601.747250 
496.868288 
-7009.600695 
-400.752218 
3985.256393 
-35025.405584 
-27631.152980 
-70946.379831 
-355044.860535 
296576.237970 
2832.043028 
21206.568111 
13166.604368 
3789.042850 
-7991.825237 
9221.389751 
-21402.148633 
20638.355253 
-9058.391819 
9348.513857 
-644.482359 
-13159.011112 
-7452.578807 
14091.935857 
542.788816 
-13003.716420 
10084.005284 
-4353.087191 
-16648.823349 
27256.209555 
-15138.099603 
-503.017414 
6361.410015 
-19620.195980 
17937.752541 
-18500.178359 
6358.518198 
11245.304162 
-15014.147552 
14750.610044 
-22164.423891 
21453.056786 
-15197.930511 
10080.641358 
-13206.090664 
-7241.729557 
16777.178562 
-21897.594507 
19732.798881 
-11774.620043 
4569.420324 
8524.525764 
-21686.692314 
9079.220991 
4363.169563 
-10653.144550 
10317.805970 
-1859.389747 
-18247.484654 
11688.199660 
7336.551622 
2017.886634 
-12663.511765 
9921.567639 
-19818.649120 
18597.798081 
-7316.438196 
11883.560925 
-7842.181141 
-628.902150 
-18444.081242 
66676.825347 
-407511.686325 
589000.573279 
-59696.942244 
37360.849168 
-4664.454993 
-5593.583156 
11923.551971 
-2543.178573 
7530.013884 
-10686.046793 
15186.920929 
-14632.524312 
6441.685380 
-11776.395895 
23106.653076 
-13784.283853 
-1754.198971 
-848.222201 
3131.990351 
-11076.193883 
11797.526304 
-1631.881394 
12031.038317 
-9899.799829 
4991.761566 
-11441.418473 
10340.187283 
-13578.505715 
8214.322004 
-6904.240120 
7085.433951 
-5519.401892 
4815.385390 
6748.902593 
-3333.127439 
3335.437324 
-3642.344424 
2438.796124 
-10928.891488 
12510.027810 
-1774.458358 
-8930.446069 
10688.571861 
-11672.653729 
8110.287020 
-6889.119926 
-4885.755334 
16600.341206 
-7977.250834 
3986.213863 
-8526.452862 
5297.228421 
-4357.415596 
12551.180794 
-11174.409912 
-1237.685369 
2425.653973 
1322.331961 
-4900.720825 
8105.993885 
-6059.790819 
19609.152417 
-12885.596928 
2464.731722 
6823.725288 
-9903.825128 
-6912.122598 
4200.085779 
-4251.277676 
1421.797995 
-689.350993 
-6486.876771 
12202.308178 
-14901.347561 
1166.602349 
-5093.576590 
-1397.862921 
4702.950071 
3233.204815 
-9890.852578 
-1144.867082 
6546.885595 
-11807.831422 
-2553.385734 
11705.720325 
-12594.420408 
-3615.089696 
12381.400612 
-14863.368461 
12160.698741 
-13712.078067 
12236.336574 
-1725.893034 
-15413.937147 
14172.170672 
-6235.366009 
6676.973947 
-20827.305189 
6176.766747 
4133.996856 
-3325.565053 
6802.084666 
-7015.628283 
9312.358323 
-8267.825139 
-4730.987130 
9535.831644 
-14027.416261 
12421.528215 
-473.835303 
-5468.731970 
-392.541054 
-4376.292671 
1455.360324 
8999.589921 
-7067.629032 
-4236.462827 
-963.589437 
7535.221777 
-7093.857377 
6397.738136 
-9023.475455 
7862.378149 
-13825.111639 
9519.302498 
396.893633 
21671.182416 
-72106.147468 
391206.055542 
339746.684065 
-629581.455950 
29650.495698 
-90117.009683 
-14867.357371 
-21613.869826 
-12168.525179 
-8519.114127 
-4060.642472 
-12631.626915 
11041.699032 
-14740.953303 
1194.744048 
-5023.372287 
-3930.778251 
8137.471595 
-4187.121517 
-6279.034648 
-2519.816446 
14366.702917 
-19850.091086 
23299.123989 
-22107.715041 
10176.486423 
4491.752943 
-3541.660603 
-6659.895232 
12030.174061 
-11035.262648 
14790.803132 
-12582.274413 
1038.351720 
1970.791173 
-7342.175013 
8310.104194 
-4714.752376 
3059.280418 
4375.938763 
-13620.873566 
19832.873768 
-9315.670281 
4664.731308 
-1451.038440 
-4498.571043 
-5580.711459 
10369.157600 
-7182.729015 
5709.044007 
-2924.575896 
11365.147103 
-14990.988642 
5610.533378 
-5848.391279 
12091.481646 
-20805.750538 
12291.123976 
-290.027703 
-10882.871200 
-7179.750844 
-5625.103366 
-8402.303228 
-46524.904159 
9044.168470 
-472239.747406 
-2410789.518249 
782073.617162 
-173608.707754 
68421.973430 
25197.192985 
-32072.749965 
18792.095668 
-18037.731626 
42298.585967 
-45862.895296 
47771.227335 
-18666.539421 
33943.932380 
-60996.573355 
40802.730647 
-6949.479305 
26367.790952 
-31327.541966 
46956.659136 
-38665.011523 
9556.782471 
-29766.728321 
25441.505481 
-16936.405316 
39525.302843 
-27895.530863 
42097.280128 
-27230.236060 
21136.199016 
-15427.377482 
5967.880492 
-3656.881889 
-13759.205989 
7574.994422 
-6718.931896 
4111.665542 
6641.325134 
26053.549608 
-38015.563694 
9937.977817 
21334.468559 
-20061.233131 
39325.574307 
-33146.762939 
32390.575717 
7907.398456 
-39802.730805 
20746.509185 
-1824.693321 
25778.156512 
-26503.585733 
26419.719601 
-35562.955622 
37430.432086 
-1338.430786 
1106.890542 
-3109.498388 
23043.477601 
-29077.131239 
14706.677356 
-38428.925097 
37208.721368 
2555.307105 
1742.992829 
1782.845866 
49.700068 
-9760.486276 
-8095.584600 
-7990.053858 
-5784.121123 
176.433782 
-22196.337132 
10557.694556 
-9296.358768 
-568.053174 
-6378.567772 
-12124.019834 
-8138.625493 
1950.508457 
-4876.504499 
-13527.062656 
5993.588729 
-1804.542898 
-20601.905062 
8056.235572 
245.894754 
-23613.826347 
12339.664748 
-17158.795588 
8233.183251 
-18437.087646 
-1895.423390 
8814.496732 
-19801.168745 
2092.559541 
-11261.359936 
16749.072023 
-11051.445309 
-8655.952646 
-1318.758776 
-9923.410563 
1815.295828 
-12400.108781 
4410.207029 
910.568119 
-12329.774531 
9597.687571 
-12465.178574 
-4883.001278 
1637.457049 
692.001286 
502.631179 
-4452.916890 
-9798.225510 
4031.282953 
2618.316335 
-1129.507979 
-10476.162314 
7013.204469 
-8267.227450 
9065.841532 
-8491.233295 
11242.142163 
-8981.701856 
-2609.454445 
-24955.172278 
69996.715826 
-398950.123813 
-329358.696360 
638104.558775 
-44680.657039 
124231.029938 
14685.008260 
41312.814131 
8828.991844 
16934.989256 
12969.046365 
14009.249360 
-25239.118217 
45272.690447 
-5092.943777 
19954.573476 
-7021.860636 
4708.172747 
-2393.059417 
35810.615765 
4001.385753 
-24841.060991 
42037.180749 
-39553.981575 
46406.562018 
-21165.244280 
-2323.937196 
33116.892909 
-10659.505846 
-362.741222 
8868.704924 
-3273.146161 
17145.366600 
8390.635197 
11427.797091 
5577.179976 
7884.997410 
1793.977641 
5069.079947 
-5731.400355 
28966.685120 
-34296.155030 
23431.010428 
-13790.517138 
23829.998537 
8706.146096 
29183.022315 
-21854.892195 
16751.856745 
724.906193 
3944.316284 
-28057.424960 
56083.806091 
-17047.938754 
24277.855063 
-30856.274344 
51400.642888 
-16458.077188 
4853.046414 
23917.554442 
35632.885962 
9314.966447 
16032.612999 
134466.103878 
-72165.331003 
1530866.993070 
1174793.156652 
-283581.151325 
38318.197029 
1646.932243 
-15462.147899 
3547.745087 
8464.700323 
-9412.905440 
7527.392865 
-7570.741048 
15613.245011 
-13208.257555 
6714.676033 
-956.436321 
4382.568619 
-1165.742637 
-5402.436903 
13030.485537 
-8068.735155 
5378.188404 
5279.484495 
-8414.100402 
9678.431219 
-10682.818903 
14427.690367 
-1856.848006 
-14206.213109 
18093.409598 
-6848.163228 
10001.476256 
-4083.743024 
-12092.723072 
12266.305906 
-9424.540016 
14719.586416 
-6620.780294 
881.902046 
-1760.615864 
6974.388315 
-5036.129580 
-2722.832519 
7830.237062 
-9138.097446 
2769.516823 
3175.059607 
1027.543795 
-9121.519126 
7605.177832 
-16452.767786 
8401.242530 
-7673.526055 
4772.420759 
-421.559456 
-6710.505401 
1822.794484 
-15710.672188 
8811.741351 
-20264.594366 
-2956.392197 
-9142.076615 
-11615.881088 
-27417.971045 
242.295462 
-187317.200398 
277765.722339 
-134820.839325 
167918.111003 
-1797.746879 
13997.266598 
5224.157922 
17191.676316 
-2635.591716 
23153.204060 
-53422.382154 
68493.121117 
-26291.600183 
49873.358487 
-41354.155363 
-354.939806 
43319.851832 
-6953.645802 
-19072.798735 
-1987.044736 
57510.275334 
-84472.116447 
88586.302933 
-40022.924514 
14069.958421 
11614.905424 
2922.466612 
-45879.016246 
69185.343401 
-65119.649790 
63077.900570 
-23997.003620 
-9836.226460 
31249.924525 
-64760.739932 
64936.118905 
-29353.032314 
-2740.937161 
31764.807205 
-63175.925599 
86319.552882 
-44188.472041 
10432.207910 
-19963.321361 
4451.264885 
-27172.096284 
70672.039753 
-92549.872234 
76897.299109 
-27130.123914 
15689.571894 
-44345.310416 
28891.327555 
-21631.632320 
52512.322051 
-83941.293390 
41199.703568 
14158.462733 
-2530.634761 
-52530.358692 
9944.486154 
-15419.493914 
-99964.343728 
69454.626618 
-1116791.827405 
1886771.885801 
-724655.654939 
139794.102615 
-62465.634201 
-27982.993571 
32726.759273 
-5130.308653 
-30368.672504 
-12905.660860 
27979.783865 
-42171.191369 
17296.979149 
-29847.079606 
34010.762099 
-19382.479087 
15844.724845 
-47409.872293 
47607.336926 
-40295.531951 
25736.947286 
-29319.725110 
55299.225526 
-58556.520199 
34240.176048 
-38749.523127 
16637.456426 
-441.062402 
-12898.765896 
-8532.108644 
17611.339278 
1223.394329 
1815.813877 
-2890.027456 
-17546.847393 
24322.750327 
-15521.394051 
14613.241507 
-45942.958269 
56578.967979 
-32821.263202 
7547.089952 
1715.087724 
-31337.463336 
27527.688165 
-11972.744853 
-9788.193146 
17883.598799 
-8516.616673 
14458.513852 
-38610.435641 
40259.242180 
-33998.444298 
46260.966911 
-46754.113863 
20031.308606 
-8331.253703 
2533.282199 
-1527.005045 
14172.078628 
7368.836262 
19873.367303 
-35969.744474 
-89592.433236 
-1205112.270605 
490582.473319 
15831.266900 
-8214.411461 
-7942.613948 
-10355.324230 
3898.948027 
-12321.688414 
5398.708948 
6423.929287 
-8692.801744 
493.097711 
-1407.411513 
2950.811117 
-2411.458228 
4199.303374 
-6918.905885 
5126.354493 
-1877.524722 
-826.534740 
4336.813226 
-2342.511556 
-3109.008812 
10206.057533 
-8763.156885 
8561.209905 
-8603.158790 
10046.052985 
-6426.111527 
5600.503874 
-8878.577530 
9975.003441 
-4905.695062 
9444.853225 
-4975.794441 
-1847.141396 
-1749.587653 
6764.569261 
2341.860905 
-1866.415124 
-1220.152075 
-3007.958899 
4330.009104 
1330.775274 
1607.192437 
8260.107237 
-5472.262188 
-4026.323097 
5149.848871 
-3347.072418 
-5949.509765 
9271.753665 
-3728.031705 
-1308.910576 
-1744.364926 
4250.973705 
-6898.449779 
2376.317799 
-708.832397 
-7472.702963 
-4061.659330 
-13052.947491 
-8341.337684 
-50790.336478 
117816.506614 
-656259.543630 
602063.328312 
-64738.914688 
52258.740481 
4908.456684 
6724.039620 
2176.981551 
8037.106952 
2358.224245 
2329.099990 
-1248.946297 
-1289.527276 
-3906.787031 
3502.123548 
-3327.019472 
-6423.590497 
8157.212592 
-11764.450396 
5103.375772 
-7353.108384 
3912.621493 
3570.501485 
-7798.540823 
238.034861 
-4369.760410 
4719.648690 
385.393530 
-13969.108888 
7562.501198 
-10262.464865 
-1293.035290 
2440.491864 
1709.327147 
-1492.526395 
-9026.249365 
1814.953870 
-2816.993445 
1098.458649 
-10042.103537 
3313.118054 
-8393.100223 
6897.460338 
-4498.645496 
-3105.812300 
-1172.102977 
-5342.761092 
5171.993036 
-6749.284675 
1090.863078 
-232.988632 
-12421.712779 
7922.547218 
-11737.985172 
3155.297234 
-4437.039052 
-304.421672 
-3815.570576 
3697.993072 
-11008.939023 
-4169.317745 
14712.648342 
-8754.827376 
552.289935 
4199.182989 
-3912.423527 
3856.581790 
248.553995 
-4395.624904 
629.865017 
2703.723720 
1850.192603 
-8938.293690 
13432.130026 
-1305.910936 
6166.876721 
-1227.493248 
137.141791 
-8655.946326 
11672.197037 
426.362746 
-5571.648668 
11389.266295 
1851.309629 
-7200.919920 
5024.262465 
9124.051394 
-18620.658792 
18161.849187 
-11992.617301 
13803.142773 
-11537.161385 
807.115634 
15256.623359 
-12998.556402 
5291.684095 
-3144.598183 
16707.756568 
-8386.353867 
-1748.466483 
4442.908852 
-6597.188327 
5293.914668 
-6344.126188 
5488.408642 
9091.821554 
-14940.957354 
15746.596070 
-11348.079164 
714.663176 
4799.643939 
925.933827 
4138.305676 
-1315.357959 
-8225.136813 
6647.144166 
4873.212850 
-718.969757 
-5173.428330 
4772.503034 
-4504.743632 
7475.385554 
-8257.202860 
11649.541647 
-5899.128115 
-6560.534575 
-19352.519354 
25305.081582 
-319320.180628 
-1897241.533606 
451316.619656 
-76076.319426 
54219.199647 
24598.571609 
-2916.763044 
34196.919443 
-8804.359318 
-9356.928020 
22732.330397 
-4681.553816 
19873.741553 
-8152.288271 
18619.687363 
-18566.053258 
29512.105317 
-9287.898418 
11172.566433 
7561.848584 
-9418.135349 
12721.502564 
10104.142110 
-21035.226704 
30941.899561 
-31177.730636 
46813.618146 
-38426.062687 
32393.287995 
-19546.356912 
37813.146230 
-23699.515027 
6757.931556 
424.119754 
5288.670590 
19593.424855 
9481.880728 
-30225.473353 
21667.791352 
512.604434 
3285.764716 
21985.691049 
-31675.661656 
23423.931539 
-4859.456134 
-325.822554 
4300.784711 
21511.020774 
-12369.749633 
12394.547348 
6613.063090 
9020.562674 
-8333.746528 
16921.107458 
-7342.801187 
3235.803052 
17341.280096 
-2744.414043 
-4967.446064 
35196.642623 
-1391.833075 
14750.895521 
34254.327380 
24642.842697 
205618.567708 
394307.345958 
-602543.006876 
31938.888726 
-62749.304483 
-10983.066873 
-25470.739019 
-5689.777797 
-11080.375609 
6869.001194 
-36400.153631 
15192.419127 
-13226.060165 
11170.402750 
-27556.190394 
7268.602455 
-11797.795705 
13261.114155 
-21723.878903 
7529.767515 
-663.407483 
-14192.326569 
-4035.681346 
-8257.199493 
-13123.385716 
20507.403919 
-24873.947593 
6205.786673 
-2936.864237 
-17783.444860 
25591.642538 
-27240.862256 
3379.397619 
-10632.647053 
-15558.465809 
27496.484923 
-33039.494170 
21711.578329 
-27240.879649 
8485.639607 
-8606.331421 
2469.270693 
-19719.163955 
22341.783120 
-31482.374365 
11729.919954 
-1862.060007 
-18404.719435 
-4099.122488 
8653.278644 
-13414.438065 
-6523.974645 
153.041636 
-5173.306720 
9972.807168 
-26302.940384 
1701.899832 
-6331.379792 
-8878.214283 
546.676971 
-9533.181010 
-23034.891831 
9460.843280 
-4514.290533 
-6982.394022 
1388.562532 
-9298.143121 
8397.188483 
8325.266230 
8476.270454 
-869.167888 
-2944.091341 
37056.479446 
-38032.673306 
8860.714781 
-11494.727792 
6649.753642 
9498.735969 
25257.799608 
-28577.204956 
3766.943809 
21475.571158 
-30654.409940 
-952.567403 
31660.960127 
-20978.110575 
-14564.910083 
47799.504697 
-44332.670542 
39832.545420 
-37984.104195 
39054.391785 
-107.197882 
-42436.459400 
45028.052139 
-14948.676828 
15499.522217 
-50472.657350 
27493.186482 
9677.562392 
-9537.236029 
22897.311740 
-15189.303121 
24815.845015 
-17622.726440 
-20846.712705 
42231.083266 
-43588.647003 
36006.575074 
1936.448728 
-13838.315089 
-1811.040810 
-9873.605039 
4798.506759 
27053.718765 
-19294.640853 
-11906.162210 
949.299573 
19425.431084 
-16466.056969 
15922.120133 
-23686.270919 
25794.378499 
-39305.185410 
22444.840983 
13282.221461 
59390.165250 
-158004.206899 
1081003.818784 
515258.023258 
676705.587331 
559396.993301 
226972.677191 
-18242.759795 
224289.116784 
926818.929452 
-1339754.822889 
-2053641.005348 
3489092.915336 
-1788076.871654 
415804.111116 
-1102224.699233 
878216.894395 
-165182.714693 
2044737.099568 
-4621932.150065 
4543937.847823 
-2486192.606771 
-316131.106872 
528271.173243 
-663229.667241 
838603.167765 
1620711.339318 
-3995900.265065 
3963544.263884 
-2464031.449407 
1038055.250457 
1363279.829578 
-4027304.791118 
3940171.378263 
-2394703.829428 
810061.598924 
1476238.319716 
-4293091.829026 
4451118.794986 
-4525887.390480 
4318640.755571 
-1916425.395039 
49037.029468 
-332176.930430 
2213106.913267 
-4099272.454811 
3881473.403262 
-1864597.105787 
-197827.896970 
367001.637721 
1085359.548671 
-3073963.438146 
2101344.745717 
1347183.845954 
-1783393.874817 
610926.307117 
-2918129.325655 
4265882.115142 
-1414547.529298 
436597.140442 
54114.084552 
99640.659132 
200412.618451 
1504289.167684 
-1634688.372659 
-843339.460495 
-2970440.466773 
2833901.471008 
-507782.204057 
86981.348691 
-66664.587780 
-2231.121943 
-68095.650979 
7215.531314 
-82960.909245 
48013.932111 
-34433.574916 
-10628.493201 
69611.500413 
-89118.837632 
14643.172148 
52794.585837 
-3804.030532 
30665.584411 
-26399.298930 
-25276.435322 
68300.652749 
-8100.021928 
1484.660842 
54591.419419 
8770.277329 
-62370.978592 
36627.208109 
46547.770763 
9554.831346 
41875.470163 
-39342.006674 
142152.442311 
-150225.183905 
77849.121195 
-64973.926757 
118927.481985 
-21071.686978 
-55978.533304 
130316.861847 
-99800.955001 
113637.737429 
-142263.768346 
110531.500452 
74546.549282 
-181332.697473 
144414.546592 
16834.759761 
-97947.056269 
75137.788500 
53979.002425 
-54998.121196 
44251.188261 
-54858.677349 
186277.402971 
-170958.529420 
73393.350315 
-160230.212203 
244715.778795 
-169487.384077 
68830.972621 
139207.772278 
-11939.556173 
-35049.968461 
-211094.193283 
36799.866773 
-414644.465443 
751552.432380 
140915.013147 
-73697.483355 
180367.891643 
-230353.781588 
1420.739174 
-219349.729499 
-62636.186455 
-300330.427377 
823679.874597 
-278192.039392 
-86840.192691 
-417197.825832 
544443.040874 
97812.648114 
-537265.200219 
149104.501896 
540635.406711 
-541105.654560 
2785.869745 
497271.307094 
-487688.641922 
122923.378788 
177584.442124 
-248210.606311 
352285.352818 
-393212.512663 
113783.932295 
280206.284450 
-300727.528133 
100401.422870 
40012.249208 
-93716.286590 
110838.159992 
37869.351233 
-510296.649405 
646165.211611 
-367652.139828 
478704.788273 
-743460.286782 
884429.698025 
-803530.378305 
605151.399930 
-276292.647125 
48090.224843 
82305.682158 
-72105.102904 
205980.785388 
-289184.765271 
126307.108794 
-23408.166208 
-44861.275455 
144820.696683 
-289974.767211 
358036.639172 
-179601.462746 
-7982.488639 
71663.804119 
-118028.473948 
-221911.864873 
-120225.219115 
-213422.687592 
-1124531.245803 
1022077.397034 
296918.784333 
362690.112492 
-112444.016136 
194321.485672 
-157085.531023 
-53295.086593 
-180936.550486 
-78335.675561 
-279632.149072 
652836.283312 
-162953.462042 
-121793.441184 
-392918.782691 
425781.777336 
105174.197039 
-469215.739314 
52021.516519 
468594.286675 
-471318.580759 
-41123.440891 
455576.013516 
-498384.743988 
160940.559931 
71320.999516 
-172427.942048 
173357.817285 
-255999.313986 
26895.662797 
218975.438153 
-204003.638495 
-104486.419731 
238734.165462 
-265960.550405 
79269.265829 
68253.436094 
-419072.364205 
502432.177142 
-404377.089311 
453816.929215 
-709469.404623 
770541.863433 
-761564.516952 
556543.622639 
-314900.806996 
53576.297794 
-13566.224722 
-48912.138783 
76061.095282 
-229637.799253 
152709.778251 
-151157.467308 
-24324.506035 
50412.246088 
-210578.934349 
154446.346636 
-59491.930963 
-121328.821305 
2762.336216 
-107582.066947 
-243256.750519 
-169145.311772 
-247844.193865 
-1117754.227347 
577018.222884 
555126.291019 
440378.643914 
192849.679679 
21054.345857 
178871.585968 
1000804.117239 
-1287203.545763 
-1618921.196714 
2723290.233860 
-1234195.736006 
198228.742081 
-362786.348967 
-350250.315818 
325091.321727 
1897814.009532 
-4045128.714607 
3902191.563423 
-2044154.050181 
-180655.473047 
298618.917269 
133193.417696 
-501803.291533 
2152372.763102 
-3592353.268083 
3410847.685619 
-1490767.687967 
-293135.985795 
1873059.359502 
-3649222.176266 
3575761.249456 
-2008768.307971 
622186.192631 
1265654.501610 
-3656587.737737 
3964765.469030 
-3907064.503272 
3528958.317021 
-1468918.972067 
143097.880639 
-411921.599069 
2081642.213600 
-3630676.349025 
3451498.067760 
-1687642.137447 
-11727.231595 
256949.500071 
922802.495935 
-2211911.536972 
1127814.022414 
1429216.739122 
-1426065.034742 
517331.036539 
-2382947.481372 
3550498.312183 
-1285273.783285 
394518.115555 
182207.915309 
110391.417332 
238032.742167 
1325218.418100 
-1518157.037523 
-934610.168154 
-4079231.045183 
4242040.853121 
-607944.752917 
-84363.217396 
-100924.473382 
-246079.090210 
64944.829588 
-89487.590189 
-89541.629599 
36285.666015 
-9863.721688 
-132810.711962 
99062.635594 
-107678.709719 
65498.263535 
-7160.645559 
-41084.210382 
25465.429774 
24084.894644 
1790.517600 
87367.830574 
-96225.383539 
89946.126916 
-1471.435324 
4462.721244 
43911.017996 
-19664.347851 
97375.049553 
-39218.540369 
80764.586972 
-102849.726004 
161077.035741 
-157267.332979 
157782.884809 
-40106.627895 
72855.208103 
102918.569975 
-81807.517335 
71455.678122 
8929.124297 
91445.344225 
-130172.080764 
33068.755540 
207055.062914 
-125667.255811 
17411.565800 
87897.105487 
11171.751019 
33828.285354 
96961.301366 
36067.057720 
-34120.516574 
-140713.425627 
377154.167643 
-274846.322078 
176901.389804 
-187697.529648 
407740.078306 
-351200.098561 
124619.351456 
240498.372356 
-63805.130333 
-29538.435343 
-187706.271412 
-906464.275092 
2463122.961617 
833420.726421 
424087.476433 
-37505.141469 
194507.274372 
-107539.025183 
-52996.859281 
-152912.210256 
-35998.528690 
-321043.413975 
705196.150575 
-143419.002474 
-81932.741018 
-412520.051614 
442615.517941 
141887.744855 
-467249.506168 
63012.405289 
497421.813802 
-459185.679273 
-59732.653656 
490535.449163 
-448348.890529 
123348.750602 
119833.163978 
-172360.828992 
176103.878609 
-220990.384508 
14633.243846 
243845.397880 
-174595.201694 
-102348.745780 
288521.619973 
-302959.819642 
123757.066336 
45909.789448 
-362286.960430 
505695.536045 
-415456.978295 
500004.922339 
-735884.959976 
830617.516297 
-791324.178454 
594712.555562 
-293571.318028 
93135.578863 
-80795.470129 
38678.998894 
62332.429924 
-247603.600559 
190956.901140 
-135151.400666 
-17448.566785 
81684.048116 
-222310.085330 
171841.945044 
-17411.593913 
-87744.406372 
-26292.487785 
-81937.163976 
-225854.873118 
-144743.558826 
-238495.279994 
-889124.207544 
337996.250379 
673185.035602 
469384.269127 
295170.956925 
41969.720931 
297725.114347 
1187153.452362 
-1418286.920268 
-1495865.708361 
3010975.064770 
-1586975.110661 
428582.295314 
-205104.872154 
-515075.464534 
470923.311468 
2121415.903289 
-4198985.385766 
4196504.665764 
-2220588.747466 
67813.816176 
147379.094572 
401222.260515 
-685153.185126 
2433410.107745 
-3716226.199080 
3614569.735924 
-1403789.644789 
-471714.243854 
2152174.651415 
-3832389.795167 
3816110.227278 
-1846143.227970 
242701.873965 
1593611.209977 
-3822145.895043 
4224485.913087 
-4054798.879064 
3734963.879361 
-1547117.586312 
346937.674426 
-577400.710784 
2341202.411354 
-3811861.480818 
3728210.314884 
-1878758.922769 
256591.959899 
103999.372197 
1089188.132134 
-2314162.781183 
1144584.496901 
1691949.099337 
-1661449.870187 
629419.279714 
-2423745.831267 
3783647.350449 
-1443474.161419 
424933.425551 
222688.425176 
37507.401835 
193547.998855 
1272855.678502 
-1931994.760785 
-1285314.805939 
-5412125.301227 
5407517.274399 
-450655.446155 
676.480635 
-66733.957337 
-257107.145736 
52943.064495 
-101692.811562 
-151119.130567 
23197.267505 
-63254.936480 
-182956.292900 
55801.745356 
-174148.151332 
26352.106216 
-56760.693099 
-83037.893660 
-47805.348673 
-4729.941056 
-52131.701477 
27614.452808 
-156294.388487 
58211.890835 
-74922.027368 
-49971.557601 
19761.405473 
-85709.735350 
35554.332678 
-65077.039488 
23187.764446 
-164329.170037 
132172.296856 
-236738.442233 
145187.794809 
-97926.114665 
35058.032002 
57805.787077 
-152351.678758 
58659.684515 
-31927.903904 
36178.412956 
-178069.574502 
9168.983527 
172282.138781 
-170655.145654 
-25825.422969 
64979.126327 
-44588.299290 
18025.955028 
60483.375802 
-7873.879642 
-70701.143238 
-183279.576876 
389588.319947 
-351284.811562 
187370.049183 
-270964.073472 
426314.545296 
-412746.884816 
72481.985496 
231091.774879 
-118879.999070 
-111041.884311 
-303335.525131 
-2177356.931005 
-306301.291832 
263640.328299 
-41721.530194 
16332.104077 
-7078.332365 
-9201.615012 
9183.178781 
-368.353257 
-1948.478564 
4041.980556 
15372.455408 
-15795.021234 
8629.528431 
-5974.901617 
11129.264023 
-55.762407 
6242.638378 
-11302.435619 
2032.538806 
14038.696357 
-12882.963098 
14038.071361 
-1371.928154 
9630.596968 
-374.264367 
-11423.891520 
12868.566151 
1683.426796 
3781.712389 
37.047893 
734.960292 
-3367.554131 
-4295.282294 
7860.061635 
-6894.406852 
8203.822568 
2696.198053 
-10306.199600 
12361.241965 
9979.356847 
288.624304 
5573.273878 
-10375.922036 
2742.070961 
-13209.858180 
15378.978516 
-2582.131615 
2240.986944 
3687.376867 
20062.237382 
-27524.397810 
14220.951973 
-5950.010987 
17735.282100 
-19227.130239 
11157.060114 
-3266.366443 
8361.214407 
-21096.451601 
4875.769695 
1588.812806 
-58538.036021 
65539.008959 
-832601.945022 
1546079.232719 
-696531.668782 
116606.468090 
-63341.158192 
-12629.598805 
-2585.815522 
8613.373155 
-15585.188574 
-17780.113234 
14218.748075 
-18418.839401 
14364.748325 
-34275.400784 
31782.761617 
-20313.022940 
-2872.017068 
-7637.494045 
8621.214571 
-26574.430777 
23238.186323 
-7847.446917 
8023.371233 
-7439.726718 
3157.145401 
-21997.030059 
-283.621093 
4079.668762 
4134.334013 
-13788.033167 
8352.661181 
-10228.007551 
5105.960852 
-6317.545471 
4038.503016 
1199.129382 
-5919.926034 
-6406.639691 
-10876.973296 
11777.766583 
880.336711 
-24656.665196 
23286.550038 
-27126.581630 
12485.530003 
-16910.949806 
-1238.918209 
7088.004507 
-6204.638711 
-6077.673003 
-14101.113475 
11195.593174 
-18080.096297 
22706.701221 
-24068.919448 
-12126.434881 
3088.081075 
4674.811202 
-28902.717313 
18173.241705 
-19110.298545 
1657.599057 
-29884.362501 
3919.885883 
480733.349621 
-993486.784192 
620880.974314 
-46869.033922 
49045.871636 
-20863.395556 
40261.458152 
-2037.048202 
18868.718230 
-3038.210300 
11995.942060 
-5866.343836 
3430.717556 
4287.570739 
19321.326142 
-13066.686499 
-1582.382415 
7530.167495 
-65.561155 
4542.832561 
130.914235 
-5489.971668 
7324.775247 
180.561286 
-110.699326 
10100.840697 
-11431.586658 
8637.601958 
-5923.543983 
863.525662 
-1981.119409 
-9324.716461 
20487.079929 
-8392.701460 
7299.741559 
-16246.608921 
15949.441150 
3040.126670 
-15879.083094 
16338.412394 
-15497.896846 
17072.516793 
-16803.738216 
3309.711333 
12980.186205 
-14690.383269 
3572.212777 
10744.958027 
-9837.952967 
1136.663105 
12228.795576 
-8967.621627 
-6386.110434 
-166.886224 
6665.055089 
-3756.023171 
16282.934985 
-17454.201594 
4010.475800 
-2210.422667 
-2412.940756 
-782.394167 
-1895.594017 
-43594.323077 
115646.402202 
4070727.689053 
-588894.322778 
396454.769401 
14268.572898 
9691.160204 
32434.853444 
-35686.468724 
27037.652754 
33664.438540 
-70626.449577 
36550.916542 
-61788.249006 
50917.186679 
-83424.019658 
45888.057831 
-51930.012106 
5640.700094 
-28260.653783 
-33637.927773 
59541.151489 
-76710.281291 
6963.299354 
43605.042535 
-75564.726034 
74458.736282 
-112632.550650 
66602.312852 
-30295.791956 
-5784.204832 
-43609.363203 
31536.166738 
-3905.683850 
-2224.476696 
-36916.949509 
-7809.581462 
-48842.157687 
98322.457867 
-70642.245317 
-8699.885731 
30325.837501 
-74586.666608 
96414.823171 
-78347.333116 
30589.695120 
-26230.370851 
45603.895986 
-109512.643200 
79503.948598 
-27754.639276 
-14637.528390 
-34479.219127 
43777.132522 
-43307.911124 
61294.251188 
-51565.981180 
-21638.451931 
34024.355639 
19711.221169 
-95047.196442 
22347.024694 
-8651.835656 
-100207.625344 
66652.800686 
-1128607.718734 
-301302.448463 
626446.383681 
-35047.891195 
44835.386334 
-159478.432984 
50496.024326 
106457.200040 
-299252.027038 
351355.679085 
-220060.252288 
284715.733972 
-200846.905084 
21651.456070 
-45589.323058 
175956.790016 
-86693.556752 
-79150.891019 
110143.655925 
-10486.101261 
-95871.323061 
152787.569611 
-10310.326071 
-193654.166213 
265875.598527 
-187158.077742 
154590.989493 
-139442.921153 
81204.601286 
124021.218197 
-190702.386940 
137644.641289 
-99141.024673 
208179.632803 
-146796.240399 
46460.054126 
-24180.378974 
22533.227741 
-11509.846019 
-37110.081712 
12210.364570 
141091.845945 
-117841.700246 
63862.703527 
14837.065323 
-55281.325725 
29735.025606 
85364.866038 
-12847.905617 
24765.986517 
-67231.857649 
39065.921752 
142351.810815 
-61694.737713 
-3576.187587 
130013.886404 
-134826.060951 
198091.979874 
10669.034083 
76000.065910 
29940.441497 
1519.407086 
-222547.606394 
183392.426933 
-3108872.934228 
1033073.851655 
-511848.917455 
84530.783536 
-30288.703686 
5243.363292 
16767.291006 
-13047.131532 
5461.548037 
3366.740087 
4201.196508 
-14802.728323 
17864.716397 
-5817.824636 
9125.906861 
1579.279345 
-8818.112902 
2893.594769 
14277.843627 
5032.192031 
-19197.104734 
26835.540555 
-22727.905216 
20743.982348 
-18990.934594 
18586.418617 
-1764.769058 
11871.408914 
-16255.305779 
16903.323317 
-15670.262057 
15985.144957 
7807.537068 
4188.752247 
4251.005500 
-2001.229157 
-3215.336748 
13223.779153 
4517.601816 
1282.180110 
-14910.349880 
1796.749822 
14697.208215 
-109.191002 
9243.162576 
19084.323147 
-16872.948889 
9914.895284 
-1253.895461 
2256.921659 
-17552.264931 
31234.798728 
-7570.230883 
7834.743978 
-13418.285021 
31726.630602 
-15272.901248 
7700.224037 
3270.312444 
17370.510199 
3095.137452 
2814.406765 
63517.174213 
-62119.241433 
835485.250296 
-1547902.987796 
693584.188876 
-118809.013760 
61489.743215 
15142.131860 
-11491.692173 
-1647.606955 
14399.162936 
3530.331470 
-6641.639245 
15307.507791 
-18219.917633 
31556.743869 
-29493.054859 
11634.941603 
3729.923525 
2499.648405 
-11311.081844 
18886.534416 
-24622.721997 
10929.083729 
-20181.499411 
21659.522593 
-8999.802956 
7082.129261 
9446.153897 
-20188.594183 
10035.641806 
11447.495979 
-27722.148856 
16853.612816 
-12890.032549 
3311.456109 
11049.455450 
-29944.046628 
23256.320440 
-19829.806097 
36534.250834 
-37139.429491 
10652.461998 
4798.584459 
-3128.027331 
7282.038827 
-7961.623149 
14578.493023 
-2928.636324 
-11645.540196 
11631.313072 
-13528.199335 
24624.033965 
-17299.968767 
19778.313678 
-27427.699833 
18742.447843 
15022.209654 
603.758970 
4787.338094 
24650.287103 
-5658.961265 
24047.305514 
28770.884743 
71591.607040 
99916.569727 
114533.984894 
457283.851470 
-596936.909999 
-7159.691711 
-64830.979244 
-1364.777152 
-25987.550530 
-14505.480402 
-21576.428452 
2912.666829 
-6034.402845 
-5906.675445 
-6150.015377 
-3568.497729 
-17654.028489 
5880.786373 
-4112.070582 
-9347.577252 
8449.340786 
4189.039652 
-14418.805191 
-7024.437159 
18844.188853 
-34600.912883 
21058.415634 
-13647.186218 
12378.973434 
-15390.532338 
-5943.643400 
16906.251797 
-18181.765992 
-2750.063624 
1199.656171 
17075.325083 
-7312.142029 
-13913.182964 
11628.061253 
-10591.532915 
-1560.036564 
-2513.835025 
-606.925396 
10953.499072 
-18285.141314 
14715.409771 
-6659.328177 
-7506.990673 
2881.958774 
7103.491745 
346.821128 
-4145.212609 
-7022.354422 
7743.786673 
1102.867673 
-1084.062918 
-8776.333539 
6552.193336 
387.303186 
7492.186059 
-14090.529468 
18816.274193 
-12152.816576 
327.386130 
-26820.617608 
122432.146733 
-495128.555981 
-565531.941986 
248210.503125 
-43584.151062 
16770.037555 
-18820.550151 
16984.294752 
-6226.616655 
6768.346753 
-8342.379852 
5593.977333 
-9173.463997 
-3422.282441 
3273.301002 
2156.800056 
-7321.211986 
-12215.737727 
4145.982337 
-1519.598599 
562.967361 
-2884.638025 
-14993.205399 
8448.460489 
-8671.001366 
-103.873959 
4423.044616 
-12068.381617 
2277.670210 
-8913.774800 
-1070.998256 
-6080.543618 
-11418.602694 
14611.257092 
-8318.528549 
3700.443543 
-18333.929637 
11579.681604 
-1439.711797 
-15704.753097 
10363.139058 
-15252.152083 
8981.217894 
-10213.052949 
-1837.964196 
8724.742020 
-15618.578245 
-202.629288 
8365.235292 
-8194.052430 
-6039.737586 
8935.311697 
-7801.472955 
-8383.593532 
-1361.671952 
1689.769596 
-3851.591817 
13437.050841 
-18307.052127 
556.715032 
-565.158677 
-7892.619879 
4165.626311 
-1834.882471 
1297.395765 
4912.616399 
651132.005369 
-603445.815741 
62847.808116 
-53717.407108 
-1198.422251 
-21596.553734 
9799.276440 
-8558.058667 
-5161.241894 
-9709.443557 
12828.006556 
-7283.321627 
9522.912902 
-8314.339335 
5143.254711 
-9243.814614 
9871.314765 
-4381.905021 
-2958.769896 
9079.161244 
704.547092 
-18348.848855 
20746.127622 
-7924.922412 
1255.935655 
383.675521 
-9239.832145 
23060.447960 
-11354.359928 
7229.076889 
-3590.383002 
-2221.533315 
-3787.130212 
8578.387725 
787.824868 
-1308.051121 
-3190.657959 
6113.010036 
-5555.954966 
11591.444843 
-12078.478619 
10593.754583 
-2718.246503 
-387.162736 
-4447.930160 
6445.144455 
-10504.042724 
6804.038960 
-7451.924518 
-1748.933086 
3497.004600 
-5089.870466 
2330.304576 
-5077.015298 
-14127.527556 
909.319211 
-22.620676 
-30892.204153 
2516.080512 
-32823.379814 
-52107.645141 
-62137.167401 
-65613.300233 
765829.492320 
2410807.888596 
351159.193523 
134014.193256 
57985.287854 
-9833.164991 
36322.144408 
-30137.235739 
31393.447773 
38039.654912 
-48952.323397 
19928.139631 
-13619.603374 
37105.851055 
-37427.300540 
37615.910765 
-30807.855905 
18684.435061 
-676.184549 
-11945.535752 
42480.842432 
-30706.682132 
2102.618651 
52618.957095 
-42658.521925 
44469.093656 
-43317.377448 
44807.758334 
-12692.986743 
9362.833131 
-26920.147078 
44734.648855 
-7484.853307 
30058.324013 
-26732.658002 
8724.504517 
-24578.009271 
60732.974331 
-14275.237801 
-4914.307866 
14437.483014 
-34758.111101 
59309.792525 
-29380.474888 
29710.528607 
9116.943419 
19871.403936 
-64905.023907 
64497.752740 
-19321.809797 
-22409.054858 
22106.051846 
7155.648944 
-7292.538158 
23892.147346 
-2743.124139 
-25920.263781 
33667.003714 
16527.114462 
-44285.258213 
14800.943743 
-12495.139448 
-13847.038289 
-47778.411269 
101478.638672 
-629589.707186 
609249.050696 
-49084.990216 
63267.716617 
14022.049691 
18333.399375 
25053.222524 
5000.127027 
-5268.265056 
39896.962286 
-3491.330076 
9624.987761 
4929.877609 
5604.963602 
16180.377030 
15635.040216 
-15948.690573 
37050.405566 
-10554.766086 
9939.481835 
13191.205921 
16033.337267 
-4553.110571 
34362.992544 
-36053.329803 
60963.016197 
-8434.338600 
-8027.912063 
38514.649067 
-33988.567724 
40885.517986 
2815.350863 
5057.462801 
26893.588777 
-31179.909404 
48201.394081 
-26412.358360 
42609.000391 
-6449.178772 
8692.914138 
-1176.018007 
45655.241873 
-30212.233472 
38679.714235 
-8088.299328 
11445.628197 
11245.407657 
19498.911560 
-12870.368348 
21057.563678 
16830.738819 
-87.762562 
4322.957107 
-8121.804388 
38788.496921 
-2445.078029 
11493.248656 
14789.668940 
-1440.739796 
-6547.372898 
21603.198166 
-61352.776193 
-57623.888898 
16461.371343 
-254610.949592 
-1353.875477 
-30119.772629 
-14230.910350 
-13747.406875 
2091.274388 
-12308.983064 
-1665.265435 
-7809.503596 
-1474.565123 
-9574.351710 
-7501.128817 
-2639.483138 
3898.935615 
-15993.248430 
-2445.119852 
-4716.260178 
-2192.169612 
-2104.030418 
-8999.796506 
-8834.176342 
4139.450858 
-14824.185245 
444.603166 
-383.136567 
-11349.080580 
-1527.400198 
-9986.550000 
-3861.156590 
-8158.596426 
-12090.762574 
7624.728817 
-7750.566390 
-1821.236964 
-17357.798967 
5283.734322 
-4049.596407 
-16607.350340 
4766.878055 
-15530.839084 
9063.333014 
-23876.572978 
912.285266 
2823.350095 
-17934.038642 
-4452.753865 
5166.723157 
-14993.089734 
-1468.146620 
-292.066091 
-11137.246983 
-8921.697887 
-8182.490361 
-1783.139348 
-8011.332199 
5709.497143 
-13764.994468 
-7068.031874 
-3537.298186 
-5209.791419 
-12187.382780 
-7429.493623 
-2533.303880 
-12339.612492 
-965687.470994 
637908.000082 
-78099.318430 
59909.702631 
13560.539014 
7139.213734 
2226.321196 
17647.312767 
3941.742170 
11718.751544 
2967.841288 
4703.024086 
5159.496692 
1503.105374 
2817.921865 
12686.776063 
2076.512473 
142.797374 
11387.338668 
-7965.126698 
17273.220520 
-4732.445315 
11050.525367 
3797.791550 
3904.243898 
10522.590079 
1525.296399 
-1302.614359 
16546.186001 
-15394.670635 
15568.319388 
286.887079 
11203.255199 
11252.469032 
-16643.122697 
22777.968626 
-9973.636486 
27644.698024 
-14897.171620 
10753.117468 
4172.869211 
10617.966573 
3121.068119 
8627.336869 
5939.772022 
4716.567918 
9365.972871 
8576.188322 
-2518.067107 
24942.123232 
-5983.468990 
20110.411402 
-6403.495042 
19681.995465 
23242.652128 
7487.440186 
10354.250299 
38071.900914 
12854.626243 
40289.295651 
73206.198119 
98601.672206 
150515.036268 
-55733.002570 
682286.604073 
-275723.780991 
25748.602661 
-14104.021616 
-14202.429879 
-6460.835813 
3731.881331 
-95903.921207 
112008.623846 
-25027.682526 
40436.457123 
-6303.438558 
-41317.116871 
-42069.217329 
78239.989565 
2325.335291 
-60808.593384 
84293.215188 
8202.359544 
-90761.661465 
96014.200687 
14805.213828 
-97178.032522 
107883.882121 
-101783.327909 
111351.819893 
-100451.910753 
13578.351531 
115325.582587 
-109731.227873 
56803.172716 
-52774.684103 
142443.661458 
-77919.907183 
1881.096696 
12947.891975 
-53698.451634 
61777.515826 
-74005.811163 
70027.297612 
28294.010876 
-56752.637286 
102254.278863 
-96178.678503 
16648.846424 
39430.023233 
20.859081 
45848.781321 
-14070.308380 
-65534.386084 
60896.242610 
44491.426541 
6731.233887 
-52717.820865 
57492.256028 
-60908.085877 
78716.311454 
-64829.720375 
76701.510744 
-71231.862988 
-51590.055247 
-227872.132741 
94250.955050 
-2432985.307568 
1930501.626180 
1165783.568012 
241506.765208 
213385.994756 
46705.596110 
64535.300607 
21702.574995 
20877.641777 
30827.557177 
-40332.640288 
26089.111876 
-24019.793030 
46301.321650 
-58268.415417 
33923.541219 
-40062.473683 
12845.064427 
-30815.232778 
-1592.656716 
2450.366380 
-34714.487077 
-15712.044824 
61867.445378 
-69708.341249 
33140.804994 
-62223.476134 
37223.877020 
-24464.077078 
-7313.124092 
-40034.321123 
37997.602358 
-18076.592909 
10348.049682 
-40073.114129 
2122.894495 
-39121.521592 
44957.006676 
-21634.316176 
-17740.333222 
10677.990344 
-53436.541709 
71952.304123 
-80937.615835 
36415.339381 
-10173.896681 
27773.481212 
-98035.454947 
73545.415296 
-24851.494374 
-32236.814974 
-3404.484180 
15804.701189 
-24150.220068 
42812.213258 
-29627.045398 
-28647.439843 
33022.615352 
29283.520095 
-67038.736337 
27834.623375 
8037.460531 
-6688.564604 
46093.144065 
-144939.566241 
674379.500079 
-598939.309239 
71447.232694 
-49634.010302 
-9092.861627 
18605.430727 
-27851.460804 
-2955.934224 
-23531.520787 
30702.025711 
-19038.269704 
8912.051623 
-8937.043049 
44.595183 
2666.085798 
37392.017078 
-69753.903970 
69728.396158 
-32733.520748 
4134.683678 
-12913.939912 
18863.510051 
-12542.549819 
27539.245431 
-27392.713165 
11221.206756 
-8244.014780 
4499.016267 
17788.950092 
-36405.467251 
52079.448401 
-37997.195696 
8409.206188 
8684.922490 
-28702.716351 
40685.779664 
-37229.935034 
32990.524616 
-5909.032374 
-12384.819020 
26988.551771 
-20744.460403 
-23527.728973 
36761.909045 
-8119.687407 
-2441.789205 
-837.921767 
15583.516393 
-25437.712348 
5445.362559 
36848.077972 
-30162.633030 
10656.197561 
-28788.101042 
46241.388252 
-14126.951860 
10743.237419 
5727.356387 
-1498.473855 
31730.803571 
-25233.055560 
8234.364437 
-31019.816556 
-533225.834191 
260661.480992 
-42085.315767 
49621.140350 
26602.161369 
-132161.352868 
-78402.530985 
186487.888288 
-239739.224337 
218669.598717 
-71382.237359 
136274.432834 
-159269.744227 
65316.729344 
-16385.392281 
82316.524467 
-30104.674577 
-89240.054799 
143838.004008 
-25786.855151 
-127488.265663 
226556.323802 
-43718.862905 
-138305.104108 
204119.496567 
-125110.754151 
144341.663307 
-141806.580664 
88997.545667 
72374.191140 
-129189.163816 
103872.763298 
-68498.092939 
196133.054624 
-147972.749664 
62309.567328 
5440.447070 
5478.811449 
-54289.608435 
-3527.832027 
79606.724674 
37614.704340 
-47532.737489 
46853.762654 
-11637.193586 
-37312.946332 
59552.586141 
58739.907103 
-37066.468415 
51458.515689 
-50698.453177 
16047.767352 
120999.723141 
-75125.327511 
41789.832634 
43631.641229 
-61955.956952 
114468.625060 
-45198.582252 
17897.793905 
13939.421536 
-42261.309098 
-163893.588690 
-519503.862985 
-2069512.235706 
1771450.779254 
2328273.924083 
1926197.839693 
-1320674.557083 
-135816.444634 
16031.472876 
17435.106705 
-537169.171598 
1724508.320371 
-4582461.930629 
3099720.378174 
-772416.273112 
2043151.879952 
-1581776.968665 
-2078208.124453 
3152764.610515 
-1232115.065659 
-28064.658470 
-201568.800518 
2139362.357601 
-4192115.735497 
4358180.655163 
-2584030.157649 
645719.831144 
-336859.840685 
2041797.133480 
-4557478.480891 
4694687.753287 
-4823052.600636 
4783440.950467 
-3097028.141984 
2095845.572479 
987733.099165 
-4040110.660004 
4224210.153165 
-1596598.871036 
-1007226.636979 
2503866.191104 
-4254936.978683 
4201975.885583 
-2019397.438074 
-544087.492517 
354225.733062 
-263762.345599 
-55853.915923 
2800582.175394 
-4871668.215543 
4801955.418415 
-2350166.453999 
75284.301762 
-891611.423940 
1226913.470918 
-1930019.025332 
4664076.370830 
-4975938.647077 
2038426.258821 
1528858.774348 
-1177759.672030 
-403557.198978 
100016.837271 
-328985.612926 
-596249.545715 
-133570.859988 
-1327804.586737 
89183.279792 
-149110.390793 
27347.420850 
-15728.598686 
3123.733598 
-2839.401275 
10335.791443 
-6733.719793 
7495.279518 
-523.283342 
4172.840373 
1372.508999 
-1310.478250 
7098.215419 
-4802.995950 
7517.533820 
188.597175 
4961.001311 
2683.965824 
-597.652769 
1622.737949 
5934.426075 
-1249.648998 
5947.907869 
2329.638832 
767.068816 
3491.595424 
1356.907844 
6594.950726 
-5370.495794 
6292.673980 
-806.207614 
7702.975152 
6873.635903 
-5536.077807 
7692.570909 
-5486.953909 
10600.541197 
3886.427957 
-4145.766152 
8470.648623 
2146.505683 
5290.040189 
2806.981084 
-1278.589883 
8682.083064 
-2491.304257 
6839.299846 
4599.856745 
1901.686155 
6451.428455 
1085.242661 
12002.771755 
-4164.448894 
11372.497636 
6137.320912 
9964.051579 
9000.014979 
9639.516305 
26605.227015 
24739.454836 
32199.120586 
331801.121599 
-833686.368861 
1452795.019885 
-821193.158598 
95214.543510 
-100885.396927 
-23073.372462 
-15638.558845 
-17219.786147 
-10113.921061 
-7095.352392 
-12869.290624 
13289.580723 
-27906.353004 
9522.493600 
-15431.305023 
10383.179671 
-13787.431032 
6881.326372 
-16362.569292 
-1103.775913 
6531.787286 
-19820.617075 
14043.704334 
-5382.077934 
-9001.137544 
23705.405742 
-36703.567134 
22331.441026 
-10337.093094 
3832.666187 
-13787.830821 
4860.805053 
82.786569 
-7287.717931 
-4541.193482 
-8126.756020 
-8803.154989 
24712.490537 
-15471.998907 
-9520.334441 
17121.143381 
-22409.773808 
35209.221307 
-36785.712850 
5485.978323 
-10375.810764 
13058.343577 
-22848.816204 
15400.674439 
-10400.409887 
12624.208780 
-29188.879275 
15306.857079 
-17415.401746 
22043.556426 
-24007.773045 
977.316835 
2999.296992 
-2132.919781 
-33544.671174 
2948.853647 
-8121.497229 
-68566.605273 
38057.583749 
-782492.151778 
382219.977107 
39950.984641 
-18716.189412 
18211.249943 
-5014.657160 
8911.166074 
-5118.721066 
9663.683893 
-1282.602984 
1880.422727 
6636.199602 
-1239.743863 
8272.828565 
-3109.308866 
11125.485478 
-2198.657204 
992.441734 
5083.968672 
-1166.570713 
8244.277238 
4012.730718 
-2962.779631 
6005.855471 
-4527.173170 
7966.616376 
3534.780501 
-5247.048038 
9805.190749 
-4921.544373 
15370.824484 
-4858.253470 
1719.259359 
188.534030 
-5585.928970 
15626.837488 
-6429.227852 
10806.088975 
-7283.457083 
3284.715683 
6080.544366 
-5222.703584 
5184.815914 
-5189.449811 
2522.525755 
8391.513336 
-6112.036636 
4544.152435 
-1329.144258 
-3738.037652 
5491.193077 
-6395.607185 
7148.793272 
-9269.897308 
7284.199037 
-6646.491869 
-6046.643432 
-1614.537930 
-9754.220143 
-4832.402944 
-23708.709315 
-19192.782974 
-33662.120758 
-328464.356280 
821528.549293 
-1437538.482355 
823706.306909 
-94354.741272 
102202.689478 
17615.166575 
13751.822848 
15218.439085 
7391.450262 
10011.180447 
-1556.412493 
-9104.775947 
24607.410182 
-5464.642816 
8828.904070 
-19218.319169 
21759.874371 
-12623.392432 
12833.896338 
-1893.545155 
-1565.874925 
4972.105434 
-7489.507950 
4513.417258 
3310.134811 
-25742.467670 
40381.941056 
-38417.877576 
22717.160727 
-20563.193616 
24823.025710 
-11897.568422 
-4563.859741 
12257.734496 
-10207.673915 
18754.139344 
-513.074247 
-25502.365992 
14396.176520 
2972.248311 
-11737.757584 
16176.558438 
-40312.437236 
37283.444650 
-10621.144347 
9044.010813 
-7570.466309 
5613.416640 
-2910.983170 
1221.887903 
-15226.224174 
26192.741743 
-15440.337373 
12928.219282 
-17141.326936 
9630.882778 
3162.444663 
-4038.751439 
3059.291938 
27016.256891 
-4764.189987 
5503.606142 
64625.059995 
-39916.868081 
778128.359348 
1175782.078927 
-191127.060342 
104803.512271 
14513.294893 
23255.418597 
29955.081242 
28190.482830 
10910.701244 
29548.561895 
9019.804557 
30633.909687 
8724.342550 
16188.811968 
18412.017376 
14170.720090 
19362.096594 
5325.256564 
30238.838502 
5769.256836 
21163.582147 
12993.800307 
16980.916879 
2577.269626 
9623.046389 
28073.588838 
8588.682885 
-602.660872 
27335.117825 
8738.053100 
17921.806723 
9037.114734 
-3337.031614 
26674.182560 
5470.965895 
20372.651755 
7291.217098 
4018.047980 
17450.244941 
18296.514268 
-1636.870717 
10639.134676 
20249.621415 
2604.933990 
9817.079386 
17220.820717 
11091.730291 
-2279.562600 
15297.067748 
12413.570569 
10658.095663 
4637.019562 
15182.700220 
21745.979472 
-4578.965499 
22381.996745 
-1404.958818 
34286.366747 
-4261.681468 
22539.784629 
34095.152529 
31576.553743 
32905.572373 
334277.361209 
-826003.979477 
1443758.811783 
-823965.679875 
88771.055672 
-85635.615720 
-34177.724959 
-19881.549056 
-21482.163667 
-16680.494665 
-5348.668027 
-31504.569129 
23974.379445 
-31889.473109 
9654.654077 
-28004.433216 
5241.093865 
-1343.572331 
-12827.940224 
-11506.290990 
-959.109715 
4060.794960 
-36514.272732 
22724.250563 
-4768.657586 
-18955.445423 
22930.519581 
-34436.534302 
6963.375217 
-2111.363186 
-14151.252475 
4177.970693 
-12805.520203 
-440.928060 
4946.973093 
-27364.473482 
5516.008446 
-18841.917976 
18603.984138 
-15925.943747 
-11407.620567 
23473.728258 
-35201.936730 
32152.618669 
-37468.843892 
5402.970747 
-9883.163789 
13418.252317 
-36711.533278 
24417.600505 
-15606.227373 
2645.301126 
-21969.125094 
8654.463080 
-20515.274485 
21522.366008 
-37099.392530 
7742.203321 
-3078.479480 
-716.721089 
-40301.713970 
-7546.448834 
-24814.158343 
-81557.159803 
-16389.966485 
-687834.008242 
194178.991862 
529477.872863 
-2506.973808 
44553.153605 
-21328.479525 
67148.394732 
-45149.189867 
-11431.211501 
-23660.317042 
44630.346740 
-53984.538114 
9022.506821 
-44661.614574 
21398.288884 
-17029.759647 
8429.797563 
-74085.272961 
56270.065389 
-49458.840625 
-5153.262741 
-31603.580097 
50844.854707 
-65334.234529 
28668.734236 
-58872.787945 
15192.634054 
-16087.401155 
-48948.096765 
25835.549479 
-54137.018203 
39246.318698 
-47580.357493 
11750.923062 
-20468.859818 
-37544.377922 
20261.995584 
-38554.081040 
-13495.555226 
17530.341697 
-47928.549693 
17065.941248 
-37314.761984 
-45519.167441 
31251.770862 
-30220.839793 
-28110.335091 
20001.914902 
-22457.014097 
-23697.978677 
-24867.778960 
18643.585362 
-53112.820888 
8882.709290 
-58378.302316 
25488.866013 
-29526.823488 
-8992.240383 
-23764.333802 
-28511.206847 
-12522.656503 
-50146.709492 
-128017.421658 
-219134.050948 
-1126507.561933 
-644777.068284 
606503.928396 
-58727.598477 
55623.799643 
-1172.652965 
36399.851720 
-17706.468330 
9043.108270 
16374.260910 
2675.749799 
-4277.147104 
8721.734349 
-9190.615937 
8626.609347 
4613.449672 
4412.203002 
-5954.548569 
8865.660370 
7859.427906 
-6969.192393 
-7360.338788 
34450.320911 
-31403.004370 
13211.330339 
6890.331910 
-5451.739150 
16262.321076 
-27290.410388 
13599.435167 
1867.619367 
5855.885174 
21.641926 
13684.746796 
-22876.978674 
18154.078776 
-9647.217767 
20883.848534 
-23813.386060 
21152.375405 
-16450.349877 
24767.407093 
-27500.692386 
13837.800074 
-3470.296083 
11691.597282 
-10484.580987 
15823.333445 
-13325.508462 
19791.132107 
-12645.192575 
3038.976477 
-1720.032055 
-3229.821713 
-491.109508 
5592.423037 
-4393.424337 
-6086.113574 
10933.020344 
-25113.504803 
6759.630862 
-20165.961374 
-42091.293493 
-123460.588516 
-1036559.391535 
1155011.942043 
-324259.384449 
78993.626973 
-7952.796414 
26171.061167 
-37674.715921 
21462.626618 
-36801.480585 
31740.714149 
-21507.117932 
25715.394541 
-4744.195080 
-16083.234340 
-18582.919459 
30344.871392 
4323.500778 
-18342.862119 
10251.561802 
-12323.171080 
-13014.689964 
47154.716368 
-33945.518749 
10850.251347 
3584.288287 
-33189.376017 
38012.086655 
-29248.088872 
19551.320772 
6943.263875 
-9135.578276 
31934.905780 
-51390.002938 
31570.202209 
-26763.472129 
38179.543826 
-36575.076390 
-9225.536136 
38428.773119 
-42870.163476 
40327.567487 
-30235.471511 
20423.802676 
7368.514478 
-42704.539291 
31505.055237 
886.042340 
-28024.808877 
22292.205787 
-1955.554139 
-31730.076334 
15736.862127 
18605.744196 
-749.189016 
-16955.631521 
10403.486369 
-43502.494455 
38755.527174 
-9399.505858 
5630.646254 
1715.436225 
-8647.826212 
-20618.949356 
13302.016642 
-363049.533341 
1242860.361769 
-662207.140762 
101743.042077 
-58338.066731 
-13192.594560 
7321.186350 
6219.526099 
-22165.881415 
-9767.177214 
19634.056124 
-23594.798719 
10072.931075 
-10768.913656 
16187.720818 
-8150.965781 
11327.058634 
-27856.454988 
32411.664832 
-23676.336661 
15380.716568 
-9065.487972 
14094.615082 
-12314.571640 
13423.600846 
-21254.014253 
17614.080742 
-9071.660020 
4985.392569 
-4611.118752 
6952.612059 
5162.401121 
-1578.729784 
-1545.546899 
-3042.532889 
8662.103082 
390.969180 
-2362.884468 
-10479.942085 
23122.160807 
-11448.265351 
2352.463440 
5154.498014 
-18032.250323 
20192.599649 
-13214.185496 
-0.039761 
10839.683249 
-2781.526329 
-2012.109444 
-9217.997810 
22046.993398 
-23585.501837 
25334.285089 
-22901.739143 
11217.806436 
-7897.063711 
903.068195 
-12194.457321 
9664.199090 
-9888.349271 
-54.640635 
-39853.584384 
-59821.706681 
-310403.724926 
-3062078.377803 
1388471.160345 
-234763.090291 
126944.894367 
40375.145170 
-29830.751238 
-1368.265724 
51236.033859 
18969.537105 
-35355.542205 
60281.604886 
-21605.993007 
39021.646350 
-49134.044129 
32391.970227 
-14479.249555 
57635.362448 
-60116.838738 
57496.038336 
-36260.292684 
30218.473553 
-46144.917894 
50119.429409 
-26540.748380 
47316.771187 
-25758.067349 
17474.479028 
2135.580586 
20806.921923 
-28295.825592 
7189.759021 
-107.563003 
-1410.550797 
29109.361010 
-37873.264164 
24175.183816 
-10845.204603 
56957.975062 
-68559.643238 
36938.914175 
-1463.517793 
423.053110 
37223.998819 
-33745.291815 
31950.252155 
10006.706824 
-35916.011183 
27019.511776 
-11483.747086 
43053.576577 
-46363.283020 
57528.953137 
-60004.786541 
56785.713993 
-8564.990719 
17107.086205 
4084.839726 
32632.257930 
-14653.326050 
27401.077200 
1099.870566 
111075.598394 
175869.836874 
1027356.547770 
2222974.415031 
-1300089.196737 
192569.704010 
-118360.520937 
-38197.979293 
39071.611923 
-13844.948328 
-59928.930119 
1889.554771 
23653.899719 
-42298.320515 
14814.414221 
-22718.934415 
13947.285050 
5717.805554 
26215.703302 
-91153.834039 
108917.944492 
-62292.440013 
32589.771066 
-43677.987536 
59396.485813 
-61845.476895 
51603.751966 
-40141.970803 
23445.917482 
6210.745475 
-23559.764586 
14885.521772 
5379.278613 
36320.417028 
-17653.359958 
3462.540136 
-23249.279081 
36368.271555 
5664.392994 
9006.498152 
-37943.154363 
74626.040548 
-38556.120871 
46758.666937 
-29334.945980 
-14691.674172 
57472.825083 
-28924.307089 
17597.429482 
21389.166169 
-291.512047 
30505.755487 
-38990.696931 
85219.027422 
-57659.180514 
63713.083998 
-41421.579827 
50243.129108 
-15398.904676 
3746.917727 
-19425.787652 
-3371.399145 
-22569.336816 
-126776.616237 
-250549.784839 
-499620.494003 
-1667363.189602 
1266283.697706 
677218.291728 
23502.541982 
-15822.322805 
-84946.842773 
-45720.535008 
17610.536315 
-163386.688723 
76678.019224 
-68358.308189 
-35893.152755 
35636.184847 
-127783.448275 
-43214.527122 
59329.661109 
-82699.025106 
18523.510465 
-43143.176481 
-45122.345738 
-27789.403371 
31804.733040 
-36097.366139 
-4132.690056 
1262.943802 
-108031.266153 
28813.721840 
2211.493607 
-23321.693123 
37956.431826 
-102379.724326 
132311.306627 
-181809.347213 
106759.183904 
-117230.638934 
81913.097813 
-32168.963810 
-90163.018305 
105671.818597 
-119832.836183 
103658.845952 
-135580.675220 
67400.041375 
72236.328072 
-188771.991201 
97738.697401 
13958.139602 
-77411.439824 
53260.081561 
19473.507923 
-58653.806508 
34556.300182 
-60085.891453 
140910.325759 
-135438.409163 
84926.415424 
-197957.471179 
253463.436076 
-230614.569011 
118966.986307 
97972.413664 
-45989.082059 
-122951.636587 
-92679.917817 
-922159.879239 
2284600.913399 
908085.081272 
1701554.507218 
-1416063.141723 
-248044.150101 
-87396.497255 
-132577.858370 
-490557.976128 
1330403.203363 
-3637279.115604 
2391280.670006 
-607172.180128 
1650669.176556 
-1621138.495435 
-1150952.988232 
2366378.182771 
-1158499.076225 
-48686.434652 
-200204.785720 
1790422.527163 
-3631388.287784 
3794632.821228 
-2391378.294659 
644961.653922 
-423730.067004 
1670915.327996 
-3741386.012285 
3997919.401941 
-4187039.727355 
3902343.353402 
-1725532.632924 
-192450.614594 
1827733.633017 
-3786120.117625 
3841902.774198 
-2119788.334273 
392200.044125 
1474680.976548 
-3676311.547622 
3758687.396121 
-2444318.060258 
697294.411931 
-423260.300364 
-138865.828496 
-97617.072904 
2289840.059939 
-4219931.103122 
4147201.930516 
-2042688.994624 
-455982.261527 
432225.955473 
180889.398724 
-330981.046740 
1505373.164790 
-2965018.909287 
1537716.242390 
1310554.704020 
-1048334.282253 
-351262.845201 
15546.045163 
-277859.036723 
-566517.699825 
52326.283372 
-1399037.027296 
2928933.016895 
-477081.249889 
204803.613643 
88345.216153 
-196974.930884 
-200860.277826 
422123.919884 
-326403.657486 
171741.922697 
-92071.762440 
153030.204195 
-291668.649425 
173783.488367 
41284.755883 
-69367.501325 
-38334.138255 
-54976.562085 
54811.057148 
-33647.447271 
-98138.923681 
160495.857806 
-122717.631622 
-63015.449875 
97644.956207 
-8531.974074 
-22537.314691 
-71902.544016 
108164.714300 
-88276.046925 
-39893.367854 
36429.146747 
-128285.937603 
160698.145073 
-141411.643358 
103171.053351 
-61730.298837 
55814.046816 
-165772.157037 
119307.037982 
-32935.675849 
-19445.798316 
23546.859070 
-96228.279104 
74948.860432 
-28342.943068 
1085.716281 
28546.846155 
-99227.852879 
105255.231326 
1552.975396 
-58880.995219 
118450.437887 
-81943.584488 
100495.844359 
32740.302398 
-58512.294486 
103642.934588 
38088.518177 
-36978.709550 
172842.958061 
24753.459474 
17106.623777 
-607676.125097 
-2570880.018799 
2467924.769283 
1949547.656227 
1523990.101977 
-1102869.348631 
-202063.967683 
-64863.900211 
-93122.697479 
-448174.243281 
1233096.195926 
-3507398.802909 
2408682.685357 
-524220.360097 
1462826.340041 
-1442109.219465 
-1143850.527125 
2265264.240370 
-1005601.488310 
-225075.719092 
48819.779317 
1631893.280732 
-3450504.046208 
3644927.578629 
-2096868.398109 
412516.523617 
-194830.191972 
1542831.563827 
-3551631.588135 
3894179.562556 
-4008447.007258 
3747225.169472 
-1372301.947615 
-611892.458518 
2039715.121702 
-3616566.708890 
3673852.902163 
-1868894.438219 
219881.891698 
1566331.122436 
-3487031.802836 
3646729.321417 
-2213217.703427 
550208.611715 
-200910.317231 
-262547.956948 
157392.902978 
2135436.487804 
-4025673.629187 
4084368.648357 
-1853976.415808 
-371712.404332 
309374.545205 
349268.302399 
-127411.552468 
1181332.075235 
-2707256.424387 
1636208.068206 
1230895.069912 
-857701.442902 
-265787.488006 
40995.753674 
-184615.129271 
-491383.794266 
77434.931626 
-1064956.432328 
3748584.472699 
-1342852.045954 
915687.984313 
-19480.859439 
-171541.091034 
1671306.652236 
-1914072.726353 
-158179.217540 
-2105079.098875 
3557497.787413 
-1903084.783658 
636797.926556 
-1372223.408742 
1170131.508000 
-416247.164939 
2241973.860469 
-4817856.465116 
4633573.164838 
-2371382.161948 
-344099.175084 
573638.166314 
-757070.864426 
1076908.658823 
1471835.832524 
-2711195.200339 
1151418.855016 
-1237171.433686 
957444.618571 
1590691.460885 
-4288196.943342 
4484516.159264 
-3033280.242303 
1341772.695087 
1256061.252438 
-4192236.596142 
4427057.174789 
-4516473.310320 
4324557.929488 
-1735095.227454 
-306614.430842 
1322769.800622 
-954660.756504 
-2635932.251747 
3845636.192757 
-1898093.360815 
-245750.850370 
536768.779001 
1133309.307210 
-3284092.618041 
2111384.719368 
1531513.585423 
-1841868.090805 
373947.855195 
-2604650.279706 
4098760.470787 
-1267156.911637 
299809.000474 
-34373.540158 
-36052.853571 
1525815.325353 
-2042388.991779 
-550102.465016 
-1559171.953794 
-4933418.874527 
4361695.527240 
1830084.699045 
468325.244671 
-1172232.810666 
-1580561.176096 
1008262.728719 
-32170.132086 
-7131949.599678 
8289023.352249 
-1568282.457246 
2539179.737373 
-604937.755977 
-2701447.416765 
-3668785.139919 
5422879.976127 
26504.126505 
-4642264.424776 
6400640.644734 
885763.417758 
-7176282.172429 
5755369.752880 
2635652.595696 
-9569518.521924 
9071612.511608 
-7671284.501999 
7723598.999939 
-7809248.489652 
282160.715166 
8872224.843602 
-8975827.076647 
3337086.029134 
-2941417.172480 
10102612.816932 
-6001194.572251 
-1309993.810970 
1621774.409201 
-4371205.832520 
3463296.412681 
-5157631.911473 
3809987.659179 
3113429.951321 
-6154379.841036 
8016808.816585 
-7485732.099707 
129849.415203 
2485398.302817 
355769.302690 
2435106.182379 
-1384323.380232 
-5188671.493380 
3648762.244331 
2807823.072183 
-166940.444967 
-4373779.880972 
3708171.340456 
-3834770.785880 
4922927.856492 
-4997138.006020 
6665798.124882 
-5175791.801708 
-2042908.964797 
-14505064.715281 
16650969.753115 
-204329986.012257 
211712.955105 
-586468.612316 
51512.326874 
-58427.992912 
-10267.568574 
-16155.775526 
-7705.794324 
-7088.016879 
-9141.261893 
-1390.373939 
-1042.910992 
-13247.907018 
-5812.045993 
-3020.945795 
-1360.099199 
-5195.248443 
-4724.345710 
-2366.683562 
-13917.129752 
12472.411501 
-16968.041283 
8799.253894 
-21048.840987 
8577.490126 
-4344.477744 
-9293.701009 
-1532.163167 
-1995.168173 
-5668.770525 
123.551911 
-14411.480828 
-2381.486817 
-2142.405125 
-6746.999917 
-4652.252164 
-6948.540232 
2693.776081 
-10070.090747 
-6817.946065 
2956.730261 
-6934.401232 
-7617.622694 
2496.030363 
-12611.731266 
-5906.872252 
-7209.914775 
3383.545692 
-17399.194903 
1177.509694 
141.220153 
-9987.207973 
-8960.414461 
-6539.230716 
-11157.618714 
-10055.138116 
-2807.993555 
-10670.172465 
-20046.747576 
-12582.917428 
-18947.533987 
-27208.753532 
-62083.826942 
-45935.284984 
-379022.958984 
-40049.887927 
539540.079767 
-26579.991982 
47392.397560 
877.704584 
15613.229833 
10357.791977 
7091.524592 
4982.456160 
5801.296130 
-5748.896069 
3027.086771 
-10169.912769 
25150.572559 
-15679.031599 
-12661.789125 
21860.105643 
-20074.202012 
2383.210864 
6999.617335 
3419.999829 
18241.556434 
-18798.988257 
2051.403550 
-6243.697309 
11907.262263 
-5424.611790 
-8782.347960 
-2536.133913 
12027.586163 
-18906.189273 
18391.478103 
6217.382518 
-7708.092912 
9405.443561 
-14135.496328 
15460.517125 
-25896.996046 
18739.563774 
-498.434469 
-17735.545729 
19765.064579 
-5949.046378 
-3636.768295 
-2569.425637 
-6680.971715 
22819.315042 
-17546.483040 
17056.878683 
-13932.917941 
-8675.278004 
5511.644882 
9828.081418 
-702.773303 
-16874.728435 
7165.908958 
-1668.171563 
-4369.092256 
6736.095833 
-16533.356160 
39875.250643 
-20146.288534 
4535.314790 
8028.634951 
-638391.280170 
600447.770485 
-63462.170019 
51036.414241 
4980.767179 
6777.141758 
-9258.721381 
13382.481082 
-10336.609667 
8321.788251 
-2994.177603 
-4069.015942 
-6975.760208 
2569.132253 
-6473.575952 
-2448.739125 
-2507.148700 
-7470.435088 
-1644.010488 
-5807.699533 
-563.188087 
7594.330066 
-12579.408376 
6655.524104 
-12682.846470 
2661.166708 
-7717.887879 
-3475.966894 
5754.355255 
-20471.998644 
8396.974940 
-9150.475313 
10305.601594 
4728.936564 
-25298.544446 
11676.759949 
-10894.308843 
10886.119247 
-14041.496593 
2165.831358 
-7898.143042 
10752.663904 
-13989.474586 
2822.198824 
6675.529981 
-13021.643295 
6121.496565 
5489.462040 
-8495.400260 
4759.656383 
-6530.076654 
14590.311550 
-6625.413394 
-4221.193416 
12686.760606 
6580.490051 
8660.236858 
20988.775825 
8290.856431 
25094.222854 
51754.212682 
63333.732560 
108556.620500 
39956.850670 
39729.082261 
-254009.984695 
-6102.753310 
-22449.197806 
-3343.909045 
-61.403481 
-6902.972689 
-7197.312226 
12188.037621 
1733.103141 
3638.837252 
-1547.947036 
992.146906 
4648.429587 
5047.651756 
-189.574776 
-1956.276395 
15345.367108 
6414.250681 
-9975.100493 
8067.583827 
15911.858814 
-21937.901466 
25091.936446 
-8262.258730 
12687.955811 
-6434.427257 
-2641.786180 
21812.505392 
-14176.065470 
1715.302034 
10039.874755 
18817.468772 
-5164.442096 
-9196.310781 
18237.345214 
-5120.253914 
-996.461551 
3672.642706 
900.225827 
23345.011850 
-27613.632655 
24426.399178 
-5692.356605 
-4811.228593 
9315.498307 
11884.748815 
-276.255581 
1506.037374 
770.260791 
3194.634297 
5111.112154 
583.546888 
-276.368528 
6927.403549 
4477.452633 
5025.420395 
-7294.882543 
15652.724781 
-5486.920263 
-7733.388798 
-22653.030341 
27350.458798 
-354497.018369 
668298.700980 
-599410.146185 
66306.633733 
-49847.813900 
1211.361932 
-19553.481341 
12939.484769 
-7251.883239 
-5973.625706 
-4569.698025 
11870.384726 
-4885.697703 
10984.459364 
-7788.475060 
7310.737301 
-5352.676758 
7239.565785 
-720.010801 
-2885.377789 
11451.931447 
808.130711 
-17183.674642 
15775.786376 
1653.912679 
-4756.342317 
7357.997066 
-13872.961159 
26644.053008 
-11058.958070 
6167.972727 
428.591874 
-4213.907419 
-2865.293597 
11259.981260 
-1922.361548 
982.878532 
-3031.742447 
6352.406787 
-3794.038853 
9969.693797 
-12913.897349 
16719.914068 
-9318.210649 
5872.950250 
-8536.508525 
5895.603848 
-11029.687996 
11435.514399 
-8072.577551 
-5931.916871 
8904.687302 
-3318.082628 
4612.244770 
-11768.712997 
-4390.523765 
-2389.131126 
-2043.346123 
-20485.059211 
6534.958705 
-26536.592633 
-35134.677544 
-41638.712429 
-33476.542266 
658490.336104 
-1071585.486798 
654806.893889 
-42488.330666 
63450.292572 
-20391.341211 
47979.557364 
2287.364262 
21248.652338 
3128.426510 
15770.675485 
-1487.847336 
6099.447070 
6792.041566 
22723.801484 
-9477.104592 
1361.167108 
8786.595251 
6699.538140 
8116.820083 
437.918807 
-974.950913 
11109.008839 
1949.555408 
6845.837521 
11885.050393 
-9210.375569 
11571.485427 
-4343.277348 
10167.343880 
-3339.982598 
-5348.570518 
25645.829396 
-234.512602 
9062.581854 
-14830.597604 
23513.108408 
4769.671625 
-11666.261102 
20128.233510 
-10832.358007 
23240.554351 
-13144.369517 
10263.427383 
14973.474525 
-10269.044989 
10012.945805 
16324.571824 
-4191.289510 
5286.901007 
17227.800095 
-3616.207126 
-314.757183 
5303.052462 
10661.471859 
2776.673500 
20664.959634 
-13499.834272 
5851.979051 
4100.697903 
-6525.344279 
-615.989833 
-11115.628409 
-38553.781955 
34332.226844 
1954271.792276 
-1314285.584598 
161142.180737 
-121484.208890 
-19991.101945 
-27549.307648 
9790.025694 
-32117.801521 
-17663.673014 
-9230.399219 
-5426.657401 
-8975.679977 
-3144.218006 
-124.901622 
-12358.054501 
-11719.562498 
-6808.401252 
3325.058464 
-26924.955183 
19404.925293 
-11110.906947 
-18844.426374 
9763.291448 
-9769.957981 
-16985.421016 
-255.517150 
-19963.544200 
24059.722226 
-28371.869698 
14998.781874 
-16520.924719 
-5434.210235 
-10707.204825 
-1417.613623 
8128.967284 
-14720.357714 
-9731.699121 
-12185.394527 
5672.275098 
2177.382373 
-26486.688634 
12026.929121 
-20245.301410 
4054.328874 
-24926.220564 
3809.503233 
-8675.162103 
-6811.757108 
-10103.806702 
-21220.197416 
13005.316435 
-28576.828395 
17386.211634 
-25404.187450 
-24835.356331 
-6487.961812 
-5460.359013 
-52728.922640 
9388.721150 
-49638.751289 
-56488.594700 
-87641.343743 
-82201.837329 
826975.043085 
-619701.275589 
309165.093316 
-33059.654943 
25502.391721 
-12510.573727 
26588.901412 
-432.962553 
14768.512840 
-2300.309396 
12552.488977 
-3800.933519 
5740.323116 
9646.666138 
6161.823300 
-2962.929200 
1549.410432 
8187.960104 
2796.291069 
8105.385284 
5919.951392 
-13789.779494 
15813.723511 
-2284.995544 
5183.958511 
10865.288263 
-7888.479022 
9610.906625 
-4696.306283 
6148.623268 
-469.290022 
-7071.870298 
19285.021772 
-2640.834845 
8375.849068 
-12938.386886 
17099.596451 
2837.552887 
-10152.676587 
14936.265423 
-11201.089982 
14025.869595 
-6765.846996 
2978.522643 
12794.138704 
-9729.166290 
3287.431930 
11121.542160 
-4515.592090 
1582.371014 
9573.905448 
-1898.118146 
-4179.332164 
2702.952510 
4742.091138 
-494.736084 
15294.952337 
-11033.788084 
752.537079 
4055.874197 
-4735.477724 
5781.738757 
2013.200836 
4334.522456 
10354.918254 
2474193.908073 
-69420.058942 
334743.538717 
-86665.784068 
203954.295652 
-75555.322083 
90618.988009 
281216.389387 
-418204.754660 
83971.939438 
23943.315029 
100057.182956 
-24828.753455 
-225071.850816 
329127.670517 
-177572.719379 
-84455.075844 
211389.283945 
-262889.480392 
461016.097908 
-616686.278146 
648271.383263 
-713994.576870 
625913.025290 
-422564.696921 
306265.528923 
-455348.494286 
395215.531679 
-171950.685835 
118401.051063 
63389.797497 
-128949.598604 
29603.806464 
75219.808117 
3057.779866 
-415861.476278 
685005.924074 
-562575.543856 
432539.467147 
-213591.530448 
-211082.511794 
699783.796068 
-624192.191059 
13568.908902 
456135.435531 
-397851.673016 
-194324.895214 
615453.625727 
-179005.058668 
-495680.075613 
268023.674471 
297934.429091 
193741.799750 
-684182.938378 
153146.739990 
-50678.123021 
347335.860765 
11654.219512 
201561.040504 
-172981.728150 
244928.979357 
-399525.826559 
-167817.948773 
-230881.894141 
538480.593262 
-84842.703746 
-18221.793084 
47774.747482 
-231342.087884 
-98683.723938 
312877.150303 
-393023.853420 
272974.277734 
-225929.378429 
317171.078755 
-347784.510403 
105297.102036 
32904.507947 
82519.555623 
-141321.065595 
-41352.598094 
25582.443545 
-49445.826446 
-37759.773789 
121811.620442 
-144267.950723 
-78016.242109 
177177.345508 
-100670.928193 
5178.869467 
-65709.516084 
90283.366715 
-55734.308363 
-112289.803654 
62993.680458 
-145141.714762 
138620.542996 
-129345.068522 
67925.197986 
-102591.792641 
63751.217806 
-108846.657929 
32071.689201 
-113836.597684 
92400.964633 
-79184.492766 
-93858.183871 
131957.127191 
-144056.571763 
-36490.443336 
9637.919303 
-86386.163233 
42971.914656 
-2070.796625 
-109912.996759 
89302.354910 
-134322.218229 
115575.690285 
9968.624976 
-132051.913824 
59198.983962 
104790.782620 
-180535.386534 
148654.354026 
-133008.837531 
-230646.081198 
-527628.217745 
-4336564.722714 
1152599.930610 
682533.792008 
409965.485700 
312073.096016 
-2039936.410625 
4993069.012459 
-2432972.922186 
-2221787.013455 
2182195.095005 
648697.938677 
-2918225.490037 
1895642.479737 
-1751504.554034 
-81963.499868 
821885.787054 
3959748.686003 
-6398253.947210 
6134617.788393 
-1067123.184196 
-772292.562482 
-1831860.910716 
3637667.319806 
-6242698.596298 
3867131.781183 
-249928.004322 
200320.142672 
2816927.417013 
-5754621.535891 
1556710.924950 
1792920.433581 
1301394.994460 
-317107.874858 
310596.938730 
-4679272.553703 
4974784.546124 
-2097912.113106 
3657569.833116 
-5721048.582714 
7291138.599915 
-6312847.867313 
6666220.364867 
-5524364.294932 
1545626.437845 
2431847.066762 
-2209773.073365 
990422.443666 
1132819.219045 
-1251452.676510 
3819698.226536 
-2290047.951237 
3602257.762306 
-2474498.594291 
2923036.306711 
-1107538.365487 
6197921.123871 
-3463376.102576 
-2586645.878074 
7567260.361736 
-1292101.549636 
6314191.078725 
4689304.324714 
4739728.967469 
-8756538.759681 
-313982313.699281 
204188575.471547 
-16579397.009897 
14204882.784014 
2289352.276037 
5242046.874003 
-6618594.428428 
5122383.099212 
-4883413.853270 
3779964.022209 
-3762948.445721 
4477005.294839 
29679.353459 
-2648139.790261 
-3615753.552784 
5068229.124227 
1424398.314842 
-2613362.692567 
50615.134023 
-2664595.730281 
29850.382075 
7242469.363504 
-8004182.247798 
6173599.205815 
-2795310.855005 
-3501321.138343 
4066421.956773 
-2783482.250347 
4034301.925321 
-1589575.010959 
1576073.504709 
5696312.823826 
-9902822.150487 
2758550.251273 
-3236228.703322 
9054795.298980 
-9022158.465073 
5913.832876 
7716247.616675 
-7756453.912841 
7684317.797979 
-9153931.004273 
9666365.202502 
-2757134.288425 
-5618431.368743 
7088673.791511 
-1033093.178568 
-6157266.866274 
4531193.762305 
83143.410387 
-5344450.448048 
3474713.782385 
2735572.273692 
576246.962202 
-2445478.486946 
1500326.951162 
-8169461.161269 
6995031.860305 
21028.566962 
-1108297.568790 
1668718.423210 
241229.660985 
2314459.283535 
-2750367.422482 
-2388241.984452 
-96432.248099 
47099.578579 
13244.094484 
14723.077893 
6739.897177 
1833.221357 
15364.672610 
-16759.743360 
-19513.937518 
24119.518998 
-3240.698238 
-6435.809407 
6929.970817 
-30273.771365 
17395.367675 
13276.474464 
-46344.793108 
44273.763541 
-27883.149330 
-1748.624105 
-7214.812702 
2108.867076 
-19091.989358 
31374.672983 
-54180.602572 
46039.580323 
-22509.335696 
-22136.194755 
31201.279200 
-55351.598135 
46042.461363 
-38485.111472 
8568.243992 
8304.029257 
-47022.177073 
42656.786368 
-53577.396868 
38948.865648 
-21955.931601 
-6998.343806 
-9529.073516 
21869.179823 
-50229.221179 
35132.256929 
-29177.778669 
-630.958504 
-8086.721530 
8226.268350 
-32965.983240 
3712.710062 
15936.357279 
-25271.404495 
-3088.180419 
-35482.558213 
34838.463958 
-20881.460222 
-810.607672 
-4977.566865 
-9980.725305 
-12957.624823 
-13704.470534 
-68954.433706 
-76581.208735 
-6885.845533 
-296217.210948 
322788.943987 
1855.173167 
31253.767554 
-529.622475 
14022.088480 
14655.429482 
6968.447420 
-1172.493563 
4018.802075 
3407.496558 
4888.528060 
4823.478412 
4712.901009 
-1053.394176 
1570.214088 
7696.488296 
-6312.590317 
786.992180 
10463.246443 
-3507.140825 
-3529.442340 
13781.046370 
-8565.299486 
8722.865637 
-7258.922169 
9279.548466 
3542.586945 
-9554.368313 
9194.783760 
1178.721103 
-441.437046 
-6079.964509 
8794.502114 
2284.472117 
-2215.229361 
5556.506641 
1664.615430 
-10.907982 
1082.971374 
-6582.946440 
14255.778395 
-10918.070671 
11339.685675 
1064.450927 
-41.840446 
-1286.789180 
-2.345280 
4490.062312 
3350.843343 
4060.258141 
-3814.633228 
6807.207774 
5076.882798 
1462.879983 
5455.591253 
2803.861015 
10965.518762 
6835.963235 
11689.924157 
27373.279449 
36913.708701 
118181.543381 
52894.950903 
1931251.225035 
-764959.941703 
149645.722389 
-63998.847895 
-22775.128645 
21731.148078 
19699.300179 
-47495.360575 
-43189.331286 
76382.993707 
-65021.576050 
35524.235263 
-70928.360254 
64570.990928 
-32044.244593 
43835.945457 
-100993.519576 
98494.886444 
-73450.807286 
23013.866868 
-6367.810178 
11053.860022 
-11899.121972 
39656.816042 
-89826.627949 
58608.237504 
-19888.385522 
4689.632852 
6106.686350 
-44149.498976 
50790.366443 
-25406.006583 
803.437831 
14009.738401 
-48050.302595 
56106.402226 
-65795.322390 
30896.631951 
14052.957868 
-18933.809005 
-15114.415238 
46817.523867 
-93282.336111 
86873.088888 
-59524.697617 
753.805231 
21551.639402 
1901.023797 
-34278.091250 
-2352.203462 
51377.509740 
-55561.877631 
48334.017815 
-77769.209305 
71876.216406 
-28950.610067 
4573.574056 
-6971.437495 
21024.653722 
2918.646896 
42827.841548 
-43834.448728 
-34724.499139 
-540135.700143 
-111027.572135 
50404.564410 
10797.500806 
13334.585141 
16679.090290 
-14286.793203 
19350.056043 
1565.569428 
-14146.938583 
12976.601407 
8033.769084 
-6848.446336 
15977.492702 
-18685.624812 
8234.728839 
562.841268 
-3878.159306 
5405.334328 
-3089.334137 
-2600.948317 
4865.043682 
-6853.328574 
8043.818372 
7736.602582 
-19088.594244 
21709.293844 
-17538.696845 
7430.640613 
13280.818149 
-28052.163694 
21921.487749 
-18371.184606 
8104.715085 
22012.743354 
-37634.024983 
30825.298676 
-31632.248168 
36128.449187 
-25645.332405 
13371.041693 
-14708.356684 
25320.881257 
-23631.279499 
13668.227612 
-1279.947923 
-4522.500728 
99.837277 
12921.047036 
-26495.903256 
18841.541811 
-2206.191208 
2424.422222 
-4219.646484 
-7119.726292 
5890.536171 
3954.154836 
10735.993089 
-11169.739102 
8652.233440 
-9721.588320 
11568.428354 
5483.751510 
64081.196735 
735413.375746 
-845638.718998 
300704.053204 
-48531.516657 
13698.078729 
2789.117257 
-6928.099761 
9474.928761 
-8838.032736 
7327.001698 
-2721.054422 
3414.570572 
2718.702040 
-10230.731281 
3984.051997 
1499.801806 
2572.182074 
447.824782 
-717.624220 
7010.928348 
-10448.798385 
-1585.756457 
12091.124675 
-8568.511298 
10016.073525 
-3451.434522 
-2160.208242 
10561.797416 
-9901.766442 
13268.768867 
-21535.841614 
13941.108077 
-844.203918 
4035.050721 
14015.698694 
-23524.671119 
15202.146502 
-14019.268071 
14964.255356 
-78.711020 
-7535.972034 
7010.812026 
3544.545841 
3697.138552 
7937.421359 
-13332.464691 
9138.063594 
-4740.757692 
4037.514642 
1658.114599 
-922.113792 
11828.786373 
-12122.989667 
4774.648188 
1962.358939 
-868.474704 
2131.964260 
-6938.314425 
6368.014171 
-12395.552555 
-3049.887292 
-2000.769618 
-51799.701835 
24404.887293 
-823302.214527 
-32015.145061 
217063.883881 
58390.144060 
27761.264006 
19254.912330 
17620.661939 
2682.714067 
14324.198627 
3352.967116 
7182.160090 
4049.144828 
2829.572042 
9935.585288 
4475.127890 
-4686.424344 
3402.451353 
4276.839733 
765.084067 
-1142.685789 
8340.280829 
4638.137284 
-7451.753982 
9092.498316 
-3456.788231 
1633.673257 
3418.281147 
-2588.403379 
6757.310387 
-7257.780383 
9942.978857 
-1583.751272 
8228.197618 
-5298.635953 
-6100.460156 
10545.752514 
-6367.810935 
12189.601515 
-9172.325240 
-597.326227 
8117.484149 
-5920.800881 
4239.332389 
-5459.934183 
2035.459247 
5758.374109 
-4004.529500 
4879.361366 
-1982.244789 
-602.130899 
616.278823 
-370.193479 
4789.996159 
-1878.966004 
-1036.594299 
1544.076339 
94.530707 
-1117.421108 
6391.817240 
3022.329564 
-2026.329199 
5701.628152 
24256.393871 
-31321.199927 
573074.243377 
1245735.112240 
-409495.535902 
91263.481829 
-33619.858047 
-12973.258964 
21647.848654 
3138.470535 
-12729.078243 
-4568.190183 
25002.333756 
-30242.850382 
26220.870233 
-40784.229812 
53276.218596 
-21921.672474 
7475.334762 
-14424.197733 
23153.981355 
-21389.111357 
21474.798055 
-3149.375856 
12177.398020 
-2016.715648 
6137.278198 
-13599.598757 
203.545160 
15421.595955 
2533.542461 
-10988.887612 
17832.655370 
-5525.774657 
15328.116142 
-6885.057789 
-1875.415530 
17065.303038 
-6239.607152 
8341.004915 
-21353.040332 
33319.637111 
-10079.901220 
121.687699 
6955.726661 
-13501.048520 
22219.393693 
-18922.130535 
6465.202108 
15661.384421 
-7284.993897 
10391.798902 
-14991.630586 
21483.603616 
-18728.252760 
29812.667593 
-20052.935716 
6251.376353 
-2702.642046 
-1832.154017 
-8640.765001 
8681.024566 
-5197.708753 
-3258.708309 
-42527.793230 
-65492.092830 
-349742.593542 
589654.933015 
-57575.088622 
37380.824927 
-3604.058530 
-12425.732855 
27164.965272 
-4624.062612 
-9434.961135 
1081.278021 
16748.833557 
-25934.341452 
18998.285506 
-30206.540086 
35828.869224 
-15061.998541 
7888.656197 
-17106.082462 
19138.421235 
-12733.539302 
7529.731629 
-3371.791533 
12533.093889 
-12072.859657 
6800.537810 
-9908.875175 
-1679.856548 
16805.223957 
-12974.424687 
-4303.994579 
11714.425388 
-2177.649693 
8334.136204 
-5215.877423 
-11175.656861 
17397.869196 
-10404.971661 
12160.732617 
-25136.356166 
27785.415950 
-14827.276094 
7250.704726 
-5303.578757 
-9123.756194 
17283.133321 
-17101.218683 
3605.043405 
9612.133422 
-9035.965617 
11975.364002 
-16094.830878 
14191.848356 
-15048.529973 
18680.573214 
-17011.720806 
14104.332375 
-11189.311254 
-8626.633864 
7460.807632 
-2452.422970 
8699.680012 
4168.971697 
-25615.361722 
-73021.317421 
-770123.232633 
875965.013033 
-287323.530620 
31853.880242 
-8391.342696 
-3895.219615 
3964.543574 
3238.618715 
-4690.040691 
4489.403303 
-1609.751198 
461.671865 
-3345.831314 
1400.299445 
-3472.758750 
8737.221626 
-1192.906932 
-5722.529081 
9608.608410 
-4614.189064 
2682.193057 
-24.192261 
461.251557 
-1569.588984 
-3610.422625 
9431.721753 
-2233.629056 
-8929.187034 
10340.372786 
-1914.576961 
5225.371920 
-2255.952083 
-7939.986600 
8893.262017 
-4927.477706 
10806.436357 
-3635.637566 
-3215.367271 
4080.479199 
4991.564498 
-5867.793220 
4783.058632 
-2844.455796 
3848.898487 
-7064.150382 
7173.338358 
2132.130582 
-6007.687188 
5229.879263 
1069.432154 
-1544.120735 
-8668.048530 
9636.002407 
692.744285 
-171.602599 
1933.206516 
-6694.074714 
7327.276354 
-8108.539171 
-2070.172949 
3181.772244 
-18311.498712 
-3068.742225 
-14871.471010 
-256850.352337 
52350.777545 
-211462.496374 
-56580.555655 
-23742.530095 
-18964.064927 
-15040.800853 
2136.321914 
-14465.061787 
1080.133701 
-5712.391836 
51.923162 
-2533.910892 
-6896.318101 
-1471.563877 
7679.345946 
-3136.247603 
-1677.609293 
1766.405511 
1943.041684 
-5972.377377 
-1476.848518 
7456.228639 
-6223.926293 
5873.102193 
-875.772359 
-1461.277058 
3543.057307 
-3710.352567 
7903.431903 
-8725.187170 
3266.522199 
-8073.184687 
8332.288077 
6246.042331 
-8423.909761 
7195.067179 
-10664.767253 
9958.500162 
1335.938069 
-5929.617714 
5977.277961 
-2627.874339 
5709.387065 
63.587215 
-6420.128199 
6477.320873 
-5178.988904 
3008.293597 
2040.712811 
-892.903936 
1738.303644 
-4870.155778 
3375.078136 
1097.750099 
-260.204419 
-708.204306 
1911.259421 
-6021.892251 
-3234.779242 
3189.667641 
-5464.633173 
-23756.400490 
27919.344665 
-603578.827050 
-1239464.502442 
414281.130560 
-86827.264467 
37242.944341 
15077.951215 
-10847.793014 
-5090.379868 
18356.482660 
15925.684964 
-27470.644117 
35357.563085 
-20631.592263 
44285.682973 
-48761.368021 
28928.476878 
-6903.764764 
23828.015014 
-21777.030133 
30132.971500 
-16740.517339 
3789.272626 
-2871.004267 
-1125.036854 
-1532.151113 
27231.175607 
-4045.757671 
-4849.876157 
-3103.010268 
11649.863868 
117.317303 
1723.893716 
-6564.699519 
11579.845859 
-4820.282850 
5439.083101 
-4340.104179 
13856.398021 
5964.932370 
-13609.607349 
5638.700416 
15011.532089 
-16788.411278 
30296.122016 
-24679.026275 
25559.060850 
-2077.881341 
-10133.679497 
7433.681641 
5419.014944 
10228.972333 
-15655.114037 
22274.441853 
-24190.949000 
26864.565760 
-7428.145457 
4687.320591 
-850.968904 
13630.002307 
-12487.236940 
3771.314993 
-12975.848607 
20096.649496 
5965.973016 
12854.593467 
-1644365.784285 
123307.376747 
-120357.708937 
-1640.574832 
14071.982827 
-52728.648375 
-7860.325197 
14854.519257 
10676.063080 
-50935.948770 
53677.805704 
-41449.559530 
63164.371494 
-80755.360180 
37381.736226 
-11275.148024 
27809.763579 
-36488.997184 
33768.848905 
-24269.582453 
2012.480724 
-27760.404631 
22364.145004 
-18173.390597 
36330.629165 
-3236.345610 
-37764.412167 
27972.298620 
2363.770327 
-10796.998165 
-1712.670134 
-15542.047762 
9514.300268 
2743.514803 
-11812.013988 
4070.888166 
-5065.422610 
34134.518014 
-45491.928440 
16825.942341 
7897.703235 
-17096.006969 
40447.569444 
-46904.739770 
41218.752439 
-6185.153943 
-25758.364994 
14529.381205 
-10899.730077 
25733.960929 
-27137.013912 
29534.855835 
-44918.052353 
42463.191302 
-20760.890828 
12138.121764 
6592.148566 
1216.007378 
-9772.852444 
-8730.233219 
-23030.954428 
48811.272581 
80437.968236 
803895.361653 
-905220.457800 
279308.058466 
-21735.943569 
6856.005039 
3494.971215 
-961.952406 
-8451.328613 
11817.708555 
-9825.107702 
5191.806629 
-1562.877385 
5843.194607 
3348.699311 
6560.642000 
-13884.414291 
2222.447306 
10733.437934 
-13755.118697 
6785.775997 
3364.859642 
3140.799034 
-4821.748695 
8952.955478 
2620.661821 
-8885.162416 
6968.547544 
10859.455017 
-7312.666356 
-1270.290347 
6368.629461 
-662.958804 
16555.630543 
-12645.785692 
3745.875136 
-701.650078 
991.769659 
17384.582799 
-10650.600059 
-3292.745703 
16506.108607 
-10740.622152 
16873.293928 
-12346.393064 
20574.572520 
-1983.600519 
-5084.120046 
17145.936092 
-4214.273867 
1043.759419 
5801.624946 
20535.764516 
-6391.325544 
1796.654120 
5174.569591 
3428.001533 
15669.508185 
-1469.340891 
15419.169078 
17183.683674 
-803.246774 
45856.581114 
35820.002875 
26315.623716 
841411.384680 
-40873.797017 
217972.351305 
68077.969701 
32196.960415 
27045.951698 
23153.123357 
3644.914393 
22485.554440 
4078.843006 
13185.791856 
4303.919434 
10665.803014 
11463.539414 
7907.451480 
-4231.622130 
11289.223868 
5650.625135 
3059.709415 
4633.232711 
10537.475357 
5696.814375 
-2353.141165 
10498.927009 
-3612.381563 
7927.564595 
4294.764944 
528.261154 
7169.698735 
-4208.519399 
13263.965714 
-583.315695 
12232.082510 
-5845.787931 
-3643.993312 
11811.353294 
-5142.496425 
14739.263346 
-8048.950253 
2004.279367 
6331.351685 
-3304.499627 
5760.705686 
-4020.701104 
1089.567493 
10233.506306 
-7306.978639 
7705.967809 
-529.084579 
-2717.060734 
3710.241062 
-1876.699399 
7324.192661 
-2970.881418 
-146.372998 
608.128731 
1644.029986 
-413.847684 
5508.960462 
4003.823580 
-3407.859219 
5661.738945 
22706.199982 
-24648.200653 
632945.298099 
1391414.695978 
-451348.129418 
96996.997075 
-35719.582748 
-9526.684762 
24636.446050 
20833.350226 
-15661.360781 
-21440.736818 
63400.672114 
-34278.361198 
33511.884448 
-40196.351999 
63523.413966 
-18538.382152 
35664.989239 
-48982.778275 
68029.113493 
-43246.730346 
35474.206208 
6033.373068 
25230.981932 
-3315.635903 
36412.177467 
-51181.969836 
43902.933808 
4696.492350 
12124.629426 
11486.035458 
-17876.292140 
34776.132101 
4143.940238 
4811.012844 
24478.786859 
-26909.476656 
45759.545912 
-34149.882745 
29447.344081 
14254.136842 
3753.711198 
-11848.921403 
48807.323533 
-56024.398686 
61913.263720 
-26567.730805 
7401.752536 
20059.042928 
13262.512909 
-16625.272994 
2464.493515 
40094.742196 
-25316.138896 
38690.056344 
-42681.180946 
44144.032150 
-5518.055401 
13836.976744 
-5104.832581 
25856.157986 
3070.218702 
34664.029371 
-25353.493899 
-1654.500049 
-9773.179329 
12229.927735 
24955.039664 
-24871.864064 
-2383.803755 
-19210.476758 
10112.484211 
-6192.132890 
-65241.190415 
76023.708838 
-16079.419151 
21098.626475 
-9566.059606 
-27075.990938 
-29824.410393 
45596.786877 
-3703.807940 
-43449.683832 
56299.972959 
6309.404263 
-70338.346858 
55961.185690 
19317.007784 
-87882.565929 
81704.960965 
-74010.089684 
70631.423072 
-74586.727945 
-881.941768 
81676.788728 
-87544.601917 
29218.849062 
-26294.692453 
89489.505022 
-59565.085857 
-13322.233289 
11982.953962 
-37722.046286 
20710.735408 
-36315.397159 
30820.195029 
28115.116412 
-66921.095596 
79262.332643 
-74811.953055 
-1106.889309 
26262.604069 
-1007.452887 
22592.581755 
-14010.261232 
-43886.745551 
25318.410845 
28150.501124 
-1298.287967 
-41314.726167 
35323.534220 
-36793.192191 
43428.704952 
-47855.910577 
52668.060393 
-49619.005073 
-49297.436190 
-160017.909455 
8929.433881 
-1724233.316960 
115889.029248 
-49596.852764 
-8098.233105 
-11817.613502 
-6114.145063 
26.138114 
-3700.726624 
1010.789009 
-1375.270385 
1258.430222 
1642.565748 
-1413.835434 
-2290.479877 
6978.055368 
-3112.415207 
1298.960781 
968.033273 
1259.622029 
-3160.747701 
7127.040442 
1037.553417 
7130.689127 
-3964.432057 
1459.463227 
2391.950781 
-3653.518262 
10440.051507 
-3660.710817 
1909.293004 
3683.665792 
-4780.141934 
9131.141417 
236.535417 
1561.484697 
1733.882969 
935.913937 
1813.770668 
803.831828 
1776.551303 
2246.447994 
741.024653 
2165.944222 
2433.238746 
-725.444236 
3343.227367 
1575.260326 
270.579719 
3546.272885 
792.006278 
193.001364 
1471.639041 
2169.545279 
1576.718470 
3363.594497 
-3352.534546 
3397.075273 
1908.904402 
-1417.395801 
3578.521908 
-1199.112826 
-676.176241 
1318.322873 
7200.777697 
99482.775516 
643596.410448 
-298994.495774 
22408.742574 
-17066.185553 
-4796.101674 
2127.237635 
-2307.905322 
411.391596 
-326.260365 
-105.873060 
78.406915 
-1042.980778 
3902.538319 
-3345.124288 
6247.043176 
377.327343 
-1530.651301 
5744.051787 
-2360.199229 
5931.344131 
-294.111100 
1471.238526 
704.842420 
-826.736610 
5858.712188 
1901.688552 
-3448.546943 
6828.351060 
-538.461301 
8324.177648 
-1659.234554 
-1308.360299 
4533.222625 
-2947.203907 
12144.015440 
-1945.879560 
2683.095638 
1112.710558 
4685.192828 
544.641500 
1332.754837 
3741.978768 
170.293722 
995.704222 
7240.840258 
-354.751260 
1868.093264 
2898.547042 
2719.451780 
618.003424 
-564.247313 
7067.077110 
1297.416844 
1707.555158 
2812.938007 
-1294.247224 
8365.023705 
-4657.538484 
5073.304163 
2304.507351 
-1111.510544 
9102.011960 
-7064.666220 
77336.106461 
-776482.957597 
406982.156652 
-41500.085684 
46499.924947 
13580.903745 
11167.692212 
-5309.306753 
17576.171833 
25369.073171 
-22760.960387 
20563.655705 
-3456.184768 
25582.473701 
-23614.933980 
19478.201469 
-9133.691852 
28973.627363 
-22171.756787 
29293.512177 
-11499.540851 
2170.557552 
3430.405845 
-5875.900073 
-2039.215957 
29930.608363 
-14259.884706 
10003.549051 
-10684.483344 
3454.210399 
17848.022982 
-7595.635387 
3835.400740 
4709.935379 
-14280.686477 
28566.190416 
-22449.396901 
32362.763235 
-22911.169174 
11567.522123 
-2890.960016 
16451.202237 
-24057.205663 
33839.689630 
-21115.069873 
13939.366729 
2748.857212 
-1153.716245 
-7736.291537 
25589.044776 
-6892.695849 
-9822.280785 
14420.604066 
-10670.612407 
20810.444356 
-11504.871265 
2714.098254 
-7416.958154 
13533.302660 
-16897.127362 
5638.528833 
-21441.076810 
-5736.818643 
-54448.218268 
-444001.081080 
-1557241.021126 
520176.352571 
-28182.338392 
29271.443435 
22935.460750 
1134.187782 
11586.516097 
5836.805160 
8010.066434 
6375.887442 
7363.734124 
11943.190301 
-4556.519391 
12413.831520 
-3341.213389 
8059.704019 
10886.378455 
-5806.281865 
14740.849925 
-6987.203888 
4550.685563 
11122.317072 
1671.644075 
13675.845287 
-7857.897758 
3700.727134 
21111.093770 
-13740.380952 
15747.703195 
-20522.674763 
19264.465131 
16384.705689 
-5661.882319 
18389.822528 
-25096.977089 
18006.493693 
-2723.626032 
10485.405769 
-2504.255851 
3991.435895 
8623.996039 
-103.673491 
9791.548732 
7075.134739 
-10258.965389 
9099.175753 
4968.436730 
1745.756624 
2312.141785 
7973.961879 
11817.226539 
-11823.533053 
4922.079392 
5246.847899 
-844.902187 
12405.658021 
-16781.853708 
24073.263949 
-9886.108159 
-2751.125828 
7327.768472 
-36281.395142 
20175.253959 
-352331.741454 
1879286.506941 
-173378.730409 
424323.391615 
112703.314234 
-1748599.946864 
4035952.925450 
-1865883.121896 
-2214485.193575 
1954814.859696 
250092.595547 
-1969030.268220 
1132470.536796 
-1343707.191578 
-408901.615957 
1618246.415012 
1171073.592872 
-4106133.746106 
4749938.579241 
-936204.987709 
-632119.938716 
-1643904.571456 
2315670.751291 
-4334070.011312 
2608238.355232 
-245110.357232 
65952.614157 
1908309.166478 
-4502119.817199 
1307833.587064 
1043007.406998 
1070780.598173 
-758548.214002 
407914.437410 
-4231772.803077 
3922208.055160 
-1936400.869900 
2598798.390967 
-4782419.764010 
5152781.540075 
-4550208.020965 
4890703.438785 
-5309515.201502 
1042269.129993 
1678646.892325 
-2644680.199521 
359136.599586 
616626.831005 
-1941375.113396 
2372718.387073 
-3094703.012099 
2647711.377008 
-3798730.651984 
946718.734061 
-2664299.566524 
2221619.011150 
-4139336.276462 
-4035592.310628 
-119020.519991 
-5605410.896735 
-3003916.058087 
-10413999.376395 
-17680714.074228 
-37472178.718678 
-199032785.349686 
167332037.796816 
-1182311.070169 
17446238.720075 
5849685.433558 
6448420.269315 
-3768729.115797 
5738287.271392 
-3207493.906927 
4339057.649423 
-2866279.525893 
4722700.282377 
538253.642767 
-2068163.579761 
-2880744.402247 
4869141.036800 
1657578.279327 
-2214661.924837 
251703.598411 
-2302154.923954 
312911.665903 
6687002.851343 
-7157942.344001 
5675386.479126 
-2280425.852260 
-3060904.832280 
3369719.759011 
-2177313.018437 
3687800.827790 
-1218116.509806 
1217672.633073 
5556295.492605 
-8820070.633117 
2427152.218342 
-2896617.292977 
8340542.893708 
-8328786.725109 
149385.507739 
7024319.888070 
-7022467.408614 
6965412.857022 
-8112983.277515 
8619171.136634 
-2221298.026691 
-5461148.172627 
6693575.289034 
-836565.678081 
-5870864.674502 
4372676.581282 
80397.878607 
-4812090.955661 
2884278.089498 
2700336.174831 
520601.431200 
-2027134.801010 
1231037.499100 
-7303167.815270 
5727344.209358 
587829.685834 
-1033782.747891 
1430335.363323 
234283.277903 
1904883.695582 
-2492077.988633 
-3059269.546621 
122789.755661 
-58909.340836 
-11254.978236 
-18821.725012 
-15544.831165 
-5186.466618 
-4763.866971 
-19642.600116 
-24391.413133 
19772.442486 
-22057.272678 
-4995.322572 
-16687.349718 
-1662.132341 
-8137.741389 
10606.254589 
-44613.175172 
30648.122371 
-30461.919262 
-2242.441413 
-5169.710834 
1273.021380 
-15782.638215 
14151.567573 
-38636.153445 
20756.308003 
-11438.880189 
-11534.279990 
10323.010500 
-36273.300361 
21896.935153 
-15692.094033 
-3096.916087 
6375.435340 
-36811.660814 
29135.467228 
-39602.365805 
26528.887944 
-16788.271615 
-4314.930559 
-8535.708991 
14846.654636 
-37170.969376 
25464.868240 
-18571.091029 
-4270.423627 
-2773.428602 
5104.834428 
-24007.012940 
5320.778593 
9604.007787 
-16319.568120 
1848.056272 
-26338.280944 
27011.336773 
-13840.914133 
804.335996 
-3157.863399 
-1203.686876 
-1218.497493 
7628.367902 
-15674.211218 
-8978.862988 
-15805.052011 
1259260.248509 
193062.519381 
389264.437459 
141965.786105 
-1707555.151659 
4035900.517759 
-1841070.996177 
-2217622.805412 
1950676.399133 
294098.834814 
-1967795.411236 
1133931.077167 
-1316257.695233 
-421541.345791 
1646754.656195 
1200417.892177 
-4149704.118234 
4818669.117455 
-978339.262713 
-602297.399061 
-1658772.539403 
2363027.626439 
-4383427.803062 
2681535.715576 
-298292.847278 
130391.972191 
1893265.311220 
-4505752.699207 
1361781.414366 
968098.053770 
1147910.378020 
-788526.625493 
435318.650390 
-4214907.113925 
3870814.874344 
-1863736.163439 
2544154.503496 
-4729593.588357 
5151592.804349 
-4553858.539385 
4902766.235762 
-5279185.723500 
1005971.742616 
1727321.047214 
-2662591.368142 
373363.423947 
611601.034842 
-1925211.376933 
2384405.284442 
-3086201.232274 
2665768.415090 
-3780706.914455 
943947.197923 
-2680673.070827 
2287055.770215 
-4150352.232046 
-4007869.529331 
-88576.823388 
-5591575.395042 
-2992911.451250 
-10410467.953144 
-17688061.263899 
-37483712.832111 
-199103975.471744 
729736.459813 
-113703.238921 
28074.009702 
-18218.420044 
-14144.624970 
13564.214833 
-7435.691903 
670.994389 
89.306407 
2503.601447 
-6614.548888 
6786.664450 
-25351.592954 
39579.578880 
-19933.149417 
-9530.298202 
12822.985887 
-7204.475754 
-9251.874935 
19031.436978 
-1489.977797 
14240.049469 
-6073.589090 
-5287.891773 
4784.518751 
-20228.993950 
29413.320263 
-7957.458765 
-10145.862792 
21884.981622 
-23000.200868 
24921.384717 
-4335.186247 
-4947.794556 
19587.007646 
-17103.559533 
17631.767053 
-24836.106960 
20366.487760 
389.129168 
-6074.263949 
1687.234430 
3763.289459 
-2008.310507 
-3970.599470 
3833.400098 
7189.525488 
-7466.701165 
15021.407661 
-18009.161207 
4543.675393 
-3522.532897 
11646.798550 
-1996.138306 
-22245.964477 
6752.292967 
-2978.126833 
-18794.450029 
-887.385513 
-17364.276170 
-29835.321175 
-51642.607580 
-65829.286612 
145683.629886 
