-113639.982562 
-11393.743524 
-21949.158222 
-13284.773494 
-11235.646005 
-3067.049849 
-9541.028198 
-4808.142828 
-4844.135449 
-2015.378348 
-6506.854762 
-4848.029431 
-2232.570426 
-2164.272893 
-4896.262533 
-4535.351823 
-2568.950088 
338.069019 
-637.806004 
-5722.258710 
-4789.033092 
4085.830685 
-9367.348924 
2439.567354 
-1382.340344 
-2519.403804 
-2573.031974 
-4335.127430 
1585.371046 
-5205.773677 
-5073.836197 
4915.677572 
-346.928738 
-1024.750217 
-8307.576629 
5459.048679 
-2365.830885 
-5903.025810 
2535.656537 
-4771.114335 
5401.018153 
-9098.773456 
2209.830434 
2462.579154 
-7747.067024 
417.951657 
4589.890301 
-4652.419142 
-1529.122479 
807.059636 
-1666.081197 
-3103.235305 
-2166.111790 
-1596.512847 
-976.439048 
2853.200747 
-4706.860979 
-4881.573415 
-63.910990 
-6142.713149 
-5471.839191 
-8992.880716 
-4275.253406 
-48154.113351 
53727.099179 
15914.985886 
11993.082471 
4411.116315 
5289.036937 
3460.888820 
4065.814209 
2992.111345 
2053.559923 
3431.518195 
3236.851367 
-1073.357640 
2472.211477 
587.685938 
4072.219188 
-2450.620949 
3369.436675 
-829.821455 
-347.875636 
2855.969707 
-956.895584 
1574.790475 
-904.512081 
2003.561269 
434.411212 
-3720.473604 
4795.079361 
-2461.098754 
2406.485846 
-3798.285837 
1837.131756 
-668.813686 
-641.702654 
590.633857 
-2906.903902 
-199.276605 
1365.345102 
-987.753787 
-2454.179048 
874.194874 
-2172.993556 
1185.068224 
-3149.551149 
-701.291393 
-1391.540558 
-1650.070526 
-1476.314549 
-2821.325331 
-830.532997 
-700.004021 
-4901.593381 
-961.341243 
-4606.820620 
-1010.421202 
-4577.988074 
-4186.484816 
-3384.244780 
-7402.621160 
-8076.672037 
-6970.933782 
-10435.413373 
-19713.501534 
-13757.239088 
-110359.961367 
111498.981659 
15264.067679 
21403.009045 
11657.002700 
10259.777933 
6218.049093 
9030.599349 
9710.945980 
2796.968855 
6053.384100 
4375.995258 
5261.598976 
4142.791628 
6869.285699 
41.166318 
2714.392089 
7737.359588 
-808.963491 
3366.793711 
4985.833918 
5172.186069 
-356.212423 
6284.679771 
1882.653252 
1098.819634 
5101.182998 
-1494.194043 
7867.368627 
-451.200112 
4595.307436 
8.698820 
5689.555598 
1105.913066 
5748.466476 
1940.549143 
2146.202375 
3176.746347 
1993.903967 
2513.626962 
6813.741622 
-4062.004901 
10313.771064 
-192.425427 
4667.719119 
415.835679 
5855.258307 
2582.949964 
4726.559320 
3891.170772 
3663.152305 
2992.737468 
6582.261638 
7252.206264 
4752.810133 
3986.006490 
7643.774285 
7291.303183 
8337.312372 
12682.691885 
10378.000036 
20147.611454 
21367.489735 
37661.568861 
125637.334958 
114515.418748 
35435.294586 
21292.793573 
17915.710963 
10502.419889 
9934.535694 
8446.340276 
9131.175708 
4305.858090 
11403.640534 
3264.643218 
2112.513293 
4652.185825 
3788.186920 
9679.505534 
-5245.782172 
8567.089480 
1345.043101 
756.573444 
3877.053063 
6120.134400 
-4399.869294 
8373.187625 
886.809996 
3575.250050 
-5999.825711 
13910.526163 
-8802.346938 
12619.492158 
-11160.551420 
7728.052758 
1442.489739 
-2549.053407 
8129.376087 
-8431.113024 
4783.892579 
3159.883283 
-5382.001308 
8402.605340 
-6209.462495 
4076.682301 
37.924902 
-558.288900 
1094.947506 
-726.717144 
-3662.534004 
5151.654960 
-8173.583537 
3169.095849 
1309.519124 
-7386.415545 
2902.874390 
-5490.445425 
-1450.658074 
1575.396471 
-7654.216999 
-4838.915876 
-2345.164281 
-9425.442235 
-5186.678880 
-10376.803188 
-17970.877445 
-13971.474563 
-108013.497375 
108755.086852 
13791.499033 
20799.201529 
10476.738180 
10190.322937 
3860.610025 
10664.441152 
7527.633367 
1377.772138 
6749.703522 
3566.391805 
4518.369633 
4056.678045 
5958.243012 
-632.954865 
2728.745293 
6932.863867 
-1191.149522 
2786.689871 
3858.380909 
6375.613609 
-1246.868052 
7247.719362 
1231.887903 
-513.433192 
6111.565585 
-597.327790 
6832.552694 
723.992418 
2465.604281 
1883.336025 
3227.497108 
2330.948471 
7430.208622 
-525.070802 
4737.599534 
817.090936 
5329.872266 
636.683308 
8016.016824 
-5357.564971 
13779.061524 
-1306.705574 
5421.189355 
1916.760648 
6050.401322 
3770.852959 
6047.853142 
3260.999441 
7072.621840 
2475.749711 
9168.313567 
8057.294258 
7619.285117 
5753.434197 
10986.514040 
11263.891941 
11221.877268 
17729.021311 
15304.770834 
30012.429706 
32562.197576 
56827.123365 
191831.941209 
-173367.084131 
-16259.009560 
-33450.741773 
-19323.871607 
-16096.650072 
-3985.336718 
-13922.237308 
-7020.803990 
-5249.643771 
-2116.682678 
-9533.189689 
-6125.955645 
-3489.681429 
-2985.474986 
-5629.066983 
-6024.464352 
-4348.316661 
2124.002520 
222.205531 
-9703.449332 
-5630.729427 
7300.003951 
-15476.233947 
5523.462744 
-3970.580438 
146.754142 
-6107.066504 
-6172.583178 
4660.480123 
-9592.923981 
-6843.834866 
6782.774964 
1503.253936 
-2654.155155 
-12927.782544 
8458.156083 
-4597.364094 
-9345.898203 
4463.376340 
-7532.732580 
8476.146827 
-15655.124568 
4698.514261 
1619.452587 
-12040.579343 
361.130154 
6038.740822 
-6844.273649 
-3850.922875 
-666.157423 
-3105.276253 
-5088.699810 
-4449.606368 
-5170.891604 
-2165.916821 
1936.659996 
-8665.811063 
-9299.607065 
-2359.775349 
-11626.702747 
-12496.767339 
-22129.497733 
-9533.094015 
-104044.522986 
109207.114454 
14345.797988 
20860.033367 
10803.488765 
10384.359683 
4935.790687 
8550.476664 
9718.983802 
594.389203 
7216.542879 
4252.203300 
4671.093019 
3786.680542 
6877.029849 
-1080.960181 
4037.786508 
6105.202877 
100.023432 
2226.199986 
4463.771296 
8042.819139 
-3688.382878 
8860.652007 
2058.010771 
-173.153176 
5929.082679 
-2125.985138 
9620.934030 
114.613382 
2491.670786 
1916.388465 
6070.780581 
1052.375435 
8701.873492 
-1401.901310 
6475.923343 
-310.747345 
7108.968326 
514.437715 
8555.573163 
-4162.731102 
12897.735495 
-1301.186095 
8249.191167 
-933.136571 
8546.739774 
3110.797664 
7386.413460 
2985.198661 
7540.579068 
4339.429508 
8597.281093 
9365.743636 
6990.975570 
8505.818024 
9754.398668 
10733.126122 
12927.860466 
18093.730767 
17263.254092 
28449.196913 
33978.754607 
57227.340491 
192093.513553 
-173511.248892 
-17019.925933 
-33099.382651 
-19910.313174 
-16383.833029 
-4454.621032 
-13802.199266 
-7655.213883 
-5527.479565 
-2591.643625 
-9421.922533 
-6497.546463 
-3948.913120 
-3029.327336 
-5960.613427 
-6240.013316 
-4799.900102 
2423.181885 
-313.052871 
-9908.002963 
-5612.416359 
6837.550308 
-15584.950388 
5462.225676 
-3045.478406 
-2441.496635 
-5078.280389 
-6685.101233 
4535.157202 
-9592.374072 
-7227.831963 
6984.287551 
1355.150505 
-2871.667125 
-12973.792429 
8292.290200 
-4673.806417 
-8757.843829 
2755.741401 
-6933.949864 
8395.303592 
-15633.091280 
4527.024147 
1599.446372 
-12321.563751 
199.037779 
6361.617629 
-7141.520521 
-3888.527836 
-566.803096 
-3157.817959 
-5316.112932 
-4625.042018 
-4776.597645 
-2377.488970 
2043.944402 
-8972.440815 
-9143.777799 
-2530.049727 
-11644.936860 
-12969.046930 
-20511.983504 
-10458.368841 
-103120.762613 
113466.039632 
35373.045281 
22301.217106 
15117.201052 
11634.185201 
9848.480268 
8769.615927 
8034.784662 
3822.525613 
11744.766941 
3429.446554 
2057.634591 
4267.015084 
3958.555027 
9696.457545 
-5526.220916 
8549.647936 
1050.010691 
1596.928173 
2228.883426 
6710.349663 
-3321.912479 
5502.087057 
2309.967120 
2916.166681 
-5725.015578 
13766.975667 
-8834.882072 
12361.232550 
-11272.784394 
7702.089688 
1340.672632 
-2630.039014 
7968.445000 
-8414.135129 
4266.710510 
2817.720299 
-2747.373889 
4358.804771 
-4609.521876 
2949.198120 
2091.011026 
-3321.143714 
2318.334873 
-1077.037433 
-3954.063693 
5084.842094 
-8280.972007 
3060.573395 
411.391022 
-5608.340891 
408.458255 
-4831.154239 
-1319.157891 
1023.923444 
-7824.945794 
-3867.167525 
-5183.482780 
-8458.368074 
-5613.780882 
-10370.687542 
-18580.716019 
-13755.485865 
-108842.412758 
109721.599665 
14365.734147 
20800.982345 
10822.155348 
9586.896039 
6354.983881 
7715.495766 
8689.959736 
1190.103907 
7158.975248 
3416.709272 
4905.708870 
3055.362874 
6606.382842 
-457.247193 
3867.495423 
4536.663416 
1517.095147 
1916.788154 
3850.628122 
6305.379395 
-1359.857031 
6235.208744 
2722.056910 
-463.418698 
5547.470059 
-1549.999214 
7174.432730 
804.530638 
2131.787846 
2491.321100 
4277.573098 
1379.585935 
6439.427668 
-248.521458 
5123.889262 
163.327478 
4805.843170 
1622.636835 
6327.291224 
-2800.037716 
9714.186544 
-1317.562774 
7236.974834 
-1163.475326 
6731.150799 
2892.600416 
5260.947343 
2744.810138 
5064.727900 
3910.546834 
5593.974338 
7811.873561 
4380.259472 
6320.899839 
6886.718275 
7786.829513 
8793.700101 
12776.774175 
12105.707363 
19433.456340 
21989.089665 
37273.470740 
123181.292253 
-111261.051855 
-11166.127091 
-22410.271661 
-14327.295569 
-11553.524737 
-3655.757555 
-9898.165910 
-7248.757973 
-2348.202852 
-2843.898421 
-6319.468166 
-5452.985644 
-3932.491312 
-3881.562620 
-3013.110605 
-5198.306576 
-5178.868991 
2772.222146 
-994.915732 
-9200.569638 
-2851.347755 
4334.883655 
-13194.800450 
4993.445561 
-4798.047452 
-133.544188 
-6063.400232 
-4893.768024 
4370.191717 
-9110.269952 
-4497.368801 
3188.873929 
2730.663433 
-3987.204865 
-9252.797462 
4926.334599 
-4512.919488 
-5508.839569 
-238.364537 
-3553.208847 
5134.838969 
-11882.430134 
3928.376296 
-730.307551 
-9163.984090 
275.432843 
3623.690828 
-4933.539612 
-3418.943376 
-2784.401172 
-1689.097377 
-4082.577990 
-3956.261092 
-5672.590538 
-1687.060317 
-1019.395321 
-6613.294544 
-8780.367028 
-2650.673574 
-11072.807104 
-12406.442488 
-20428.784767 
-11188.385416 
-105950.272051 
116439.932027 
36057.772772 
22571.467164 
15671.057792 
11027.637080 
9815.227558 
8676.491695 
7813.393367 
4255.138003 
10399.794534 
4210.642035 
1883.753823 
4845.701699 
3182.319134 
9404.832473 
-4676.344375 
8071.809767 
951.941173 
1603.682219 
2862.168451 
5321.727553 
-2249.422502 
5557.589680 
1957.155313 
3039.161725 
-5277.627956 
12500.728275 
-7365.169508 
10820.180306 
-9806.688080 
7195.922579 
1158.054919 
-1721.189258 
6420.049305 
-6853.111102 
3546.820704 
2907.312722 
-2366.830315 
3843.415176 
-3458.324290 
2137.219629 
2320.360334 
-3254.504951 
2190.124506 
-862.534014 
-3099.433664 
3561.415968 
-6464.629502 
2341.248931 
480.985077 
-5516.400291 
761.006315 
-4736.609606 
-921.886112 
198.803327 
-7055.531062 
-3563.921670 
-4586.778799 
-8839.283349 
-5458.110547 
-10249.567674 
-18594.359606 
-13677.659129 
-109102.040675 
-108275.629518 
-17228.126095 
-17354.017480 
-11257.442436 
-7860.480981 
-8665.020238 
-4799.978381 
-6694.354683 
-4667.009918 
-3951.893639 
-4611.256432 
-3140.290397 
-4550.361622 
-2551.471992 
-3661.235234 
-2996.163870 
-2019.917031 
-4086.697271 
-1111.644120 
-4681.901454 
-2467.528793 
-1361.348559 
-3010.799837 
-1163.512887 
-3431.497868 
-2689.952666 
-451.811325 
-4315.009308 
-732.591684 
-4926.070364 
-794.109570 
-1540.652758 
-2804.458992 
-461.192720 
-5158.724000 
-661.653203 
-3366.883135 
-1077.732095 
-3072.702825 
-2196.516407 
-1378.356550 
-3321.304512 
-882.858679 
-2197.043188 
-4521.001240 
-1188.750687 
-2651.665375 
-2319.068950 
-2290.387263 
-3134.591935 
-1699.938429 
-4116.384272 
-2953.620524 
-2901.562642 
-3387.969161 
-2403.359927 
-6140.649890 
-1955.338865 
-6221.650311 
-5395.825456 
-6851.423557 
-10339.840218 
-9726.349642 
-57358.759724 
64261.128330 
20438.192205 
12702.158616 
8850.916930 
6397.562759 
6941.180332 
4838.959034 
5001.557377 
4126.368850 
4273.800421 
2689.135803 
3041.911584 
3538.530022 
2877.707596 
3750.610019 
-151.564094 
4637.553415 
1813.203300 
1579.224455 
2469.583978 
2927.486188 
291.564173 
3638.068333 
945.023859 
2574.158468 
161.691730 
4231.512721 
-75.782097 
3835.144895 
-1850.902952 
4427.758558 
1336.788299 
864.507947 
2903.566159 
-454.136022 
1554.556415 
3772.201501 
5.332115 
1672.255333 
433.580452 
1799.673374 
2567.165396 
240.154928 
2140.956998 
1876.703475 
698.520830 
1256.391214 
947.959510 
1898.831357 
613.644134 
1347.549153 
1841.575646 
861.014680 
1443.983882 
2599.896233 
-616.526311 
2536.403792 
949.800421 
395.198129 
2057.853058 
1221.288060 
1546.917362 
1449.852308 
2414.488049 
-466.008864 
1259.554993 
1004.365138 
832.845455 
2392.296906 
-1223.422761 
708.203682 
4447.900742 
684.342061 
-299.943022 
2745.813684 
659.946557 
2334.748548 
2276.266485 
-882.992722 
-28.542696 
6406.415891 
-4267.094701 
2972.737966 
2240.825346 
2922.331083 
-1875.988690 
5680.518950 
-2136.378787 
4717.036074 
-1786.072566 
1190.067219 
5445.874059 
-979.033423 
3458.925232 
-1432.968284 
3776.011918 
416.105533 
4432.334271 
1367.235727 
350.510818 
3535.619543 
2359.818637 
555.396420 
4021.637233 
91.089735 
3798.023703 
4609.125285 
-648.739681 
4741.188016 
2952.755188 
2055.152902 
4565.122135 
2487.260274 
5196.944461 
1251.931292 
7284.831596 
3676.218542 
8038.256422 
1831.457105 
8270.428307 
7215.099529 
7716.748549 
11276.184640 
10257.766182 
15569.543381 
24188.426443 
37683.829301 
121896.219996 
-67910.961786 
-20975.869282 
-12462.407672 
-9402.615843 
-5039.091748 
-7202.250608 
-2833.313242 
-3916.177460 
-6879.671789 
3922.253098 
-5047.827563 
-3606.678852 
-4702.004532 
283.125117 
422.115444 
-5415.275172 
128.657671 
-2136.934863 
-2177.602459 
-2609.473768 
2272.637412 
-4079.512406 
-2392.017798 
2344.292558 
-2696.845701 
-4109.190081 
4709.135408 
-6909.623892 
4836.409309 
-6231.604138 
-913.387273 
-227.823995 
-4423.486585 
4215.125545 
-6726.645809 
2366.998150 
-3075.552267 
-3827.591394 
3408.938202 
-5156.366062 
2391.272351 
-4334.208788 
-1073.960050 
-2178.424433 
-3191.655973 
-4419.116481 
5179.124565 
-10197.232346 
694.476703 
1457.113718 
-8115.454280 
-394.953308 
-5667.475750 
-3329.419363 
-2124.065879 
-5103.281142 
-8083.859532 
-5890.813831 
-6715.023880 
-8513.702391 
-10752.178860 
-19823.016060 
-14691.920439 
-108792.089501 
108891.083619 
14341.901738 
20752.118035 
10583.539836 
10233.877422 
4341.466410 
9027.442071 
8816.883441 
2327.906193 
5085.861706 
4530.451128 
4500.965875 
3805.921196 
6927.368575 
-1451.284061 
1889.418605 
9053.529909 
-3479.875450 
3773.908491 
4226.568495 
5739.987353 
-1416.459577 
7829.600240 
-285.557449 
2024.322857 
2896.408798 
99.933912 
7782.362888 
-819.160978 
4368.582750 
11.949765 
4065.630548 
1824.803546 
6800.131710 
1279.297528 
2226.848198 
3284.288089 
3140.698868 
1603.333515 
7659.431677 
-4773.325750 
11674.442012 
953.299670 
3509.467624 
3051.945267 
5819.054792 
3623.482255 
5717.975843 
4350.353730 
6130.620273 
2558.156837 
9923.308171 
7859.068647 
8726.364827 
4028.900290 
12066.906933 
11278.794979 
11180.144306 
18003.951465 
15865.895948 
28430.151404 
34061.173324 
57137.041544 
192144.949596 
-173525.615162 
-17907.580682 
-32787.579572 
-18747.170216 
-14688.448388 
-4683.662020 
-12788.741949 
-1808.036949 
-13173.805114 
-1576.276455 
-10647.389822 
-5277.973270 
351.522031 
-484.863886 
-10624.951968 
-5697.881996 
2000.282922 
-5151.736174 
-254.476802 
-87.860485 
-13062.009748 
6605.951771 
-5822.872596 
-1866.646472 
5083.895977 
-8845.655908 
4070.616498 
-5503.072784 
-3480.597591 
1161.383100 
-8853.127891 
11173.476596 
-7392.314995 
5238.146246 
-9931.626211 
9409.723961 
1073.502499 
-9057.041155 
9357.511928 
-8761.141560 
7866.533050 
-6447.170368 
-1316.861970 
11368.404262 
-8225.125746 
617.730693 
8900.571987 
-6338.039307 
1977.702281 
8326.183389 
-1628.029287 
-3977.142161 
1482.939618 
4896.041268 
-29.115947 
11882.302774 
-4281.767467 
3385.544846 
2426.596028 
3710.780281 
5701.479604 
11304.472354 
7438.687310 
61941.048668 
-66224.385287 
-20325.670537 
-11590.480441 
-9490.134492 
-4951.458381 
-6824.657115 
-2595.637520 
-3777.564591 
-6033.517716 
2880.591014 
-3866.689344 
-3479.791447 
-3822.144247 
47.523786 
339.730749 
-4316.116674 
162.510622 
-1946.100857 
-1927.023439 
-1491.520764 
1142.710677 
-2275.344219 
-2899.355939 
2839.218990 
-2444.863364 
-3184.788440 
3623.120863 
-4891.257764 
3492.612730 
-4425.669088 
-1032.680193 
-145.798985 
-3224.387696 
3089.702919 
-4838.499155 
1824.151170 
-2277.179466 
-3006.336962 
2405.353105 
-3235.338259 
1798.110505 
-3589.540831 
-721.406573 
-1977.117442 
-2557.587108 
-3244.444789 
4010.259874 
-8052.815191 
377.584442 
1660.904020 
-7285.805623 
126.460835 
-5137.098980 
-2527.919477 
-2611.685969 
-3975.728603 
-6955.803924 
-5829.578913 
-6245.013738 
-7996.651062 
-10200.550290 
-19424.056441 
-14012.745668 
-108519.898684 
108812.340883 
13946.959526 
20060.446790 
10236.511195 
8968.424104 
5090.411459 
7994.490213 
7183.285545 
2960.434923 
3986.801277 
3386.739689 
4200.014255 
2679.160156 
6148.024260 
-1298.815026 
811.892150 
7813.164742 
-3299.557296 
3222.887794 
3118.378272 
3710.430129 
-463.094860 
5052.235862 
-527.502488 
1625.235720 
1554.123895 
318.893307 
4862.122537 
-1337.716420 
4303.453555 
-1340.348696 
3120.327163 
934.915977 
3672.787596 
2345.525894 
-370.260059 
3469.752957 
-254.569835 
2059.430668 
4920.336995 
-4313.491990 
7732.856795 
616.595999 
1625.987641 
1324.169024 
3871.446383 
2357.239422 
2513.103218 
3894.483730 
2607.598955 
1030.117847 
6330.257646 
5408.354528 
5434.656852 
854.720496 
8025.842213 
6799.574194 
6532.815006 
11540.978486 
9574.516258 
18554.230791 
21070.269585 
36257.156450 
122341.243889 
-111057.681882 
-11815.883084 
-21354.247978 
-12336.080523 
-9353.595503 
-3339.192531 
-8350.262514 
-677.235309 
-9675.869666 
-1168.702776 
-7188.848991 
-3513.994212 
634.761062 
-429.132179 
-7474.464709 
-3929.117770 
1998.458074 
-4421.668487 
-434.488865 
1053.008382 
-9623.340791 
4173.964820 
-2760.918390 
-2227.345653 
4018.389349 
-6484.252887 
3581.994710 
-3489.002182 
-3366.103442 
2031.246700 
-5976.980303 
7652.034618 
-5946.728821 
4384.960460 
-6060.640667 
6165.642262 
1384.400460 
-5772.100363 
6690.889152 
-5681.568355 
4894.815577 
-2821.156908 
-1687.138991 
8703.629453 
-4804.838049 
570.457386 
6052.052724 
-3980.732591 
2170.326695 
6378.981256 
-573.235444 
-2502.768455 
1875.660661 
4285.583465 
400.368842 
8904.617272 
-2102.664574 
3769.301454 
2247.411125 
4270.764446 
6151.636836 
11362.257770 
6972.566850 
60682.777256 
-1230.528755 
-34.449469 
-772.385534 
-91.651863 
-377.842312 
-972.761465 
-511.562816 
798.190460 
1950.407162 
-3707.200897 
618.255375 
-264.841098 
-184.879655 
227.366890 
-1000.901584 
-3013.311203 
4892.281809 
-5664.530240 
1921.759207 
-128.348839 
-1570.066885 
-638.315164 
211.590392 
-3847.291483 
3707.186612 
-4339.585500 
893.297254 
-383.048277 
-3271.458956 
3924.497411 
-5611.204730 
1781.916870 
-1561.872906 
-2669.599406 
3939.236014 
-6234.673241 
4101.631474 
-5231.910772 
644.900801 
-914.112080 
-1123.597768 
-2592.405988 
3259.246065 
-5497.999936 
1157.846459 
-1044.421237 
-1294.043217 
-2495.724213 
1798.221880 
-2258.202000 
-2993.745441 
770.276083 
-1672.193930 
1468.088219 
-5275.800864 
504.984678 
-1740.880175 
-1394.531219 
-1258.033186 
-2193.915161 
-1447.558520 
-44.347751 
-538.616930 
1389.414265 
-1848.009926 
-289.981165 
352.469574 
848.471906 
1165.517996 
4.606685 
661.130250 
3321.503109 
-3960.053304 
612.157208 
-420.691344 
492.607173 
2543.354448 
1150.168643 
-2295.924943 
227.272228 
3494.636654 
-3884.444173 
-0.685517 
5062.706705 
-3951.604970 
-109.890554 
4943.127089 
-3760.753623 
4119.676441 
-3326.543852 
4613.824304 
641.815013 
-4300.001339 
5685.981986 
-1070.150535 
2333.517627 
-4707.788941 
4298.422617 
1519.393640 
443.287106 
3124.235423 
-240.719411 
3442.399995 
-899.305588 
-240.243145 
4879.948631 
-3352.135535 
5518.280595 
2011.550995 
243.321532 
1376.502465 
398.647931 
3132.511186 
4541.079390 
964.252513 
788.207816 
2940.594382 
5372.677694 
1092.956501 
5405.991301 
1955.736181 
6938.949858 
2409.904292 
7708.642295 
9808.033401 
16640.742943 
9032.495652 
86634.910361 
-95382.746222 
-28435.541336 
-17604.524918 
-12859.519203 
-8744.748835 
-7989.628246 
-6582.362904 
-4833.627602 
-4141.024907 
-4550.366938 
-4046.945070 
-2855.306838 
-3954.220726 
-1474.740141 
-4569.329025 
75.890480 
-3566.811240 
-721.617684 
-3267.887309 
302.025188 
-2902.715257 
359.624089 
-4383.320867 
1373.896104 
-3522.741780 
1975.871769 
-4660.684012 
2043.077504 
-3478.096881 
2747.548119 
-3705.776700 
415.173341 
-1890.423889 
-511.798924 
833.709870 
349.922531 
-3095.084833 
855.398614 
-643.269070 
229.968864 
1156.613186 
-4395.243118 
4125.207423 
-2723.153795 
-446.380727 
549.350016 
796.748963 
-365.510472 
-736.574255 
1375.812510 
-125.731008 
-361.760550 
668.283417 
-644.255790 
-284.600185 
1743.501230 
-832.560039 
-233.754032 
2071.352821 
-577.008403 
782.591794 
380.996738 
585.784523 
1948.174607 
-62733.123075 
-18557.289629 
-11537.148558 
-7136.505945 
-4481.492695 
-4212.125854 
-2704.481255 
-2324.637462 
-2984.681834 
539.485826 
-3141.381966 
-408.538290 
-2319.779136 
1071.125291 
-1454.113963 
-516.383487 
-119.859264 
417.943789 
-823.958737 
-308.117709 
1648.728271 
-1042.077284 
-782.067725 
1832.077812 
-990.603963 
1498.678525 
-244.864081 
266.694458 
1030.209410 
475.178664 
-521.238291 
1265.941257 
-730.927589 
2313.480313 
-301.370416 
1774.153011 
-671.849978 
303.643878 
2367.628087 
-1033.226456 
2987.793498 
-1948.364903 
2818.154806 
-308.978394 
492.963066 
73.563860 
3502.937203 
-1706.214951 
1365.633452 
1977.897110 
265.785533 
517.769349 
1162.223998 
-112.030072 
2023.315258 
836.763989 
-510.307260 
948.818882 
2262.058309 
391.826923 
1194.448869 
1149.678918 
1146.639710 
2877.601100 
-1081.414192 
946.487417 
512.841112 
624.427356 
1420.137171 
-553.908056 
72.518532 
3336.070619 
1887.742974 
-1703.500690 
2166.473519 
640.862396 
1435.126458 
1919.001310 
-562.046419 
-1131.397715 
6339.143499 
-4723.278681 
2924.412879 
1598.557107 
1095.750849 
-179.956385 
3300.729577 
-2608.940315 
4902.436073 
-2725.048301 
1456.178810 
3390.586723 
-1777.813497 
4377.859475 
-3225.201140 
3658.270160 
-220.759902 
1444.574964 
3371.902097 
-2419.351999 
4446.336338 
-970.495351 
1150.019733 
2284.806732 
-25.388304 
1009.446396 
4963.343704 
-3107.529955 
4296.225869 
1432.234300 
966.412895 
1429.585871 
3178.956740 
2096.037836 
-551.928578 
4910.486526 
1459.536060 
6047.585174 
-1720.628537 
5726.615763 
4046.258960 
3761.096370 
5898.184727 
5242.921938 
7842.312016 
13796.924244 
20592.776564 
66574.631002 
-59237.567811 
-9933.568977 
-8165.318594 
-6450.424561 
-3931.160822 
-4553.122791 
-3536.861342 
-2328.607535 
-3517.816410 
-2105.404720 
-2236.063123 
-1951.465566 
-1502.289310 
-1719.076783 
-2344.987757 
-1972.082829 
-634.031701 
-2929.393756 
-929.136002 
-1675.552586 
-1239.891952 
-1749.931303 
-814.511800 
-875.467410 
-2626.672923 
-806.689871 
-346.556782 
-2252.170869 
-1316.512805 
-993.992358 
-1517.693120 
-54.101264 
-2322.216206 
-719.529772 
-1407.595770 
-1170.698929 
-119.815102 
-1982.420354 
-1561.456168 
231.675661 
-1289.061895 
-1553.896067 
-727.673886 
-730.518481 
-1093.208256 
-1098.806046 
441.824671 
-1608.624709 
-346.378701 
23.569939 
-452.784550 
-602.700102 
-571.560111 
261.429347 
-158.596949 
1494.768862 
-298.513885 
1937.722426 
2008.364346 
1948.536520 
4365.638898 
6243.174630 
7868.029905 
55133.191485 
171355.881204 
55530.427559 
32847.638325 
26105.882926 
15575.608645 
16997.757588 
11995.057238 
12026.759093 
9675.390139 
9905.271195 
6931.447483 
6827.959961 
7938.469975 
5037.821188 
9749.705997 
-909.671261 
9255.130907 
3552.351073 
4042.914700 
3709.697267 
6405.266235 
-1339.327799 
10593.060656 
-605.957707 
5719.999122 
-1746.293543 
10636.426229 
-3473.950404 
9811.330887 
-6707.790400 
9770.990738 
1697.251867 
1231.758754 
5652.548382 
-3122.102573 
3304.168472 
5935.339900 
-1460.459852 
5407.440619 
-1904.826049 
2994.882163 
4858.487719 
-1298.449285 
4295.896326 
2579.124885 
-325.645258 
2347.430233 
-56.411843 
3607.895932 
-57.462975 
601.337225 
3396.371041 
-15.816235 
1650.601676 
4966.958087 
-3344.348087 
3232.480692 
3087.186294 
-2226.610371 
3302.649668 
725.499339 
1946.162511 
655.120718 
1842.221711 
-1245.134895 
-269.014380 
290.501904 
-493.758496 
1428.928691 
-2369.661022 
1565.984569 
1445.028535 
-1961.743470 
1531.354240 
693.114121 
-517.882676 
1583.359204 
69.537327 
-761.231811 
762.119865 
1285.222838 
-1047.543314 
477.292738 
638.904713 
1981.945139 
-776.095590 
3059.308049 
-250.790538 
-379.686241 
2037.387771 
-876.665719 
3170.404239 
1087.985553 
-1045.381556 
1427.369168 
1078.111372 
505.486132 
4967.855791 
-3158.350135 
4142.482535 
-1292.256379 
5218.722815 
-1642.816575 
3506.886470 
-833.865299 
5659.995396 
156.575501 
1720.744157 
3704.542164 
1661.705190 
1889.321041 
4846.982449 
-408.794091 
6090.425863 
1312.778668 
5753.025207 
3107.325416 
5695.776977 
3866.435120 
6835.471744 
7739.936975 
6755.752192 
10441.973888 
9660.688856 
16900.666943 
21738.226086 
36174.076826 
117760.798336 
-104568.689582 
-14885.889078 
-18875.578939 
-9726.258575 
-7126.687090 
-7921.274919 
-3665.467833 
-6861.714261 
-2926.250618 
-4056.329417 
-3135.193516 
-2356.653883 
-5127.601877 
-2618.608848 
-1070.012851 
-2443.602005 
-2362.382601 
-2598.638866 
-203.194590 
-5426.261905 
-1929.691696 
235.511112 
-3624.838202 
-539.033484 
-2495.136452 
-2455.996731 
-51.576692 
-4522.963782 
733.294604 
-6122.200249 
378.027609 
-2463.258303 
-1919.479734 
167.871517 
-6278.969052 
416.140824 
-5652.703428 
457.185351 
-2406.586896 
-4438.616288 
-511.780244 
-3836.678041 
-884.258062 
-2813.446382 
-6258.643783 
-815.225092 
-5130.871386 
-2575.206394 
-4417.787713 
-3200.750693 
-3984.775733 
-6528.762679 
-4514.033736 
-5198.758417 
-6577.055672 
-6159.524020 
-9883.609130 
-7187.756696 
-12571.262084 
-11975.871372 
-16384.425424 
-27353.989246 
-24854.337587 
-153476.776774 
-64366.233662 
-19905.445950 
-12419.169993 
-7840.627582 
-6291.152783 
-5499.235082 
-3894.594609 
-3769.977312 
-2787.181743 
-3256.930927 
-2784.366037 
-1874.168857 
-2084.609752 
-1222.892325 
-3843.425756 
1082.160723 
-2672.012133 
-932.507772 
-1687.320461 
-49.637147 
-2427.414573 
329.858865 
-1814.259342 
-300.542727 
-1627.089859 
1494.116984 
-4074.847571 
2379.631605 
-3448.730895 
2983.886365 
-3076.538199 
24.511301 
18.077110 
-1737.862664 
1999.976838 
-981.282479 
-1358.897481 
191.205560 
-188.723870 
467.357653 
578.587480 
-2823.487319 
2526.075483 
-2041.437752 
297.752903 
689.208090 
-489.434444 
1062.152601 
-854.786997 
1037.982181 
-105.220808 
-64.911902 
729.054768 
-67.410858 
-1019.146448 
2102.500477 
-657.100791 
772.455873 
1049.948510 
-240.256607 
938.611793 
394.658884 
646.932708 
1996.975222 
-1254.942785 
455.278445 
-520.974507 
66.043986 
91.880572 
-726.127898 
-1574.734051 
2423.597829 
2085.032909 
-4048.481626 
1364.264266 
-90.374907 
101.217817 
1212.721078 
-1441.206329 
-3218.811030 
6592.944371 
-6868.714894 
2641.004921 
455.552344 
-1073.279627 
-781.621321 
1552.003358 
-4485.333528 
5362.868129 
-5695.903511 
1199.810496 
1573.993386 
-3820.542139 
4949.210990 
-5896.515188 
2688.373705 
-1502.745830 
-1426.724701 
4474.507123 
-6437.787905 
5556.719740 
-4883.055218 
1004.760658 
26.861293 
-482.093907 
-2430.022969 
4952.311061 
-5810.601708 
3095.400520 
-466.435741 
-730.161891 
-922.431460 
2578.534502 
-1012.210993 
-2381.773941 
2992.446201 
-751.989297 
3827.560834 
-4913.367755 
3207.192861 
579.078655 
635.853859 
1831.253762 
1139.657792 
1538.228830 
6634.713060 
8547.191727 
31303.322378 
-28195.868678 
-2894.830922 
-3775.714349 
-2219.989486 
-1265.351920 
-517.277292 
-1167.285781 
1793.650324 
-4051.044061 
232.613332 
-1487.136779 
-577.873160 
1723.908942 
614.148533 
-2727.102659 
-724.050772 
2329.038583 
-2941.183579 
-76.119687 
2814.193938 
-4158.898876 
812.844553 
1967.956788 
-2544.334450 
2960.724054 
-3048.878864 
2958.038652 
-227.003716 
-3309.221372 
3457.904389 
-2118.127931 
2839.364657 
-3810.691004 
3162.332736 
-777.868470 
1563.204911 
1745.788214 
-1267.738705 
2503.800021 
-1742.254902 
1256.129925 
1616.463832 
-2409.197129 
4946.948041 
-213.783201 
20.819551 
2146.545204 
-918.374268 
1995.392305 
3733.523047 
263.356493 
-148.786531 
1595.051357 
4094.783256 
356.119451 
5058.950432 
145.720936 
4721.118434 
1759.528390 
4847.969888 
6755.827798 
10980.424881 
6804.346204 
58915.526084 
53959.914869 
16434.615292 
9249.113197 
9187.579282 
4913.076517 
5618.935723 
3872.553959 
4659.557002 
2956.227770 
4673.466761 
1237.491621 
2496.026166 
2619.011995 
2527.634067 
3292.936275 
-462.121206 
3760.370851 
1702.267105 
1170.566072 
1898.946731 
3677.966490 
-1878.998747 
5541.375194 
-350.754264 
2721.402256 
-456.304635 
5017.705581 
-1733.125209 
5102.447324 
-2650.124226 
3889.355847 
1818.074033 
70.731933 
3984.249284 
-1545.352942 
2320.603219 
2867.667869 
-921.040384 
4617.956804 
-1855.378895 
3132.488030 
1206.416244 
1516.913996 
1852.484841 
1699.286517 
43.003400 
2854.691912 
-671.701876 
2629.230284 
1295.154859 
577.817572 
1850.918714 
999.450305 
1088.327700 
3377.983718 
-821.705562 
1269.666691 
2714.631141 
168.070708 
2061.883480 
1108.929351 
1806.388421 
1203.261227 
2540.113407 
58042.801027 
6896.337250 
10260.629952 
6119.413554 
5144.045447 
1821.977670 
3716.583894 
87.598167 
5615.081400 
217.659538 
3834.529098 
1517.903629 
-591.654135 
-1048.371091 
4784.262164 
1483.855609 
-1875.569315 
3168.106770 
-181.418047 
-1499.151499 
4931.783557 
-1587.125754 
-271.517300 
2346.979426 
-3370.227318 
3716.417733 
-2671.408208 
1312.461318 
2911.205325 
-2128.814582 
3161.914231 
-4003.869470 
3785.482054 
-2821.750802 
2898.995725 
-3236.031029 
-971.187877 
3235.569727 
-3811.887334 
3782.766140 
-2778.821616 
1313.057843 
1321.873836 
-4840.465532 
2270.488791 
228.192148 
-3410.611581 
2300.460025 
-1100.999299 
-4537.922927 
1295.546342 
848.251187 
-1013.968818 
-3408.877550 
-18.912069 
-5513.624524 
559.639763 
-3054.370672 
-1550.577567 
-4207.131401 
-5134.922175 
-8500.980421 
-5923.605380 
-48752.601993 
-64296.136483 
-19675.458229 
-12353.201617 
-7327.191483 
-5979.551249 
-5186.632367 
-3592.908648 
-3399.667344 
-2744.619620 
-2427.899870 
-2886.643409 
-1495.888914 
-2051.541638 
-717.834199 
-3425.266229 
982.242919 
-2196.862666 
-630.314148 
-1436.301770 
-30.807978 
-1583.545957 
-34.244555 
-1148.992956 
-119.721763 
-1332.434378 
1565.909507 
-3271.960378 
2001.961624 
-2472.662137 
2604.955428 
-2569.707558 
393.327186 
-59.111464 
-865.337964 
1672.379028 
-411.340275 
-1149.036536 
154.591180 
723.228280 
54.286712 
1315.102502 
-2775.455218 
2839.662128 
-1696.695892 
520.078756 
593.617888 
430.772006 
597.075498 
-279.202008 
1378.746011 
-20.742208 
193.883289 
933.954164 
19.902972 
-323.031465 
2012.903954 
-614.680147 
1183.219448 
1288.389910 
6.916923 
1151.360037 
706.547920 
817.900509 
2417.226315 
-1334.004063 
604.421280 
-272.963144 
144.578194 
579.673245 
-1080.605656 
-1121.982410 
3025.906871 
1936.661550 
-3752.861079 
1782.264225 
-3.669263 
571.567717 
1478.382432 
-1497.622561 
-2983.942898 
7303.468599 
-7234.702067 
2982.433835 
833.388557 
-511.261855 
-806.179888 
2413.571325 
-4504.381795 
5569.384721 
-5226.518796 
1083.431872 
2640.863491 
-3688.726724 
5084.292161 
-5632.347152 
3140.710267 
-1257.331414 
-327.637988 
4175.458538 
-5675.149970 
5637.457368 
-3814.658499 
793.432716 
1049.766968 
-736.756951 
-996.056807 
5224.755420 
-5524.558090 
4151.555455 
19.728287 
-239.071697 
157.694815 
2848.077404 
244.816701 
-2027.636490 
4481.479082 
16.513093 
5266.058302 
-4089.821794 
4938.443730 
2451.169967 
2274.360337 
4313.977798 
3470.888340 
5450.039418 
11739.301866 
16783.388975 
58804.162942 
-53428.101252 
-5859.688951 
-8897.990116 
-5502.459415 
-3916.593600 
-1611.880022 
-3421.280386 
740.288452 
-5862.859033 
-367.813832 
-3391.698074 
-1733.463760 
1209.831464 
147.585616 
-4402.185305 
-1855.693170 
2022.149995 
-3629.542983 
-310.495590 
1926.141512 
-5840.591112 
1517.021443 
434.045339 
-2781.144810 
2997.500383 
-3902.163540 
2655.384365 
-1148.671807 
-3728.069007 
2824.760518 
-3441.778458 
3970.716603 
-4576.960909 
3314.510972 
-2576.386104 
2706.857756 
1401.565768 
-2789.380877 
3429.827191 
-3143.967071 
2322.653841 
-4.906212 
-2423.257823 
5999.161174 
-1834.445147 
-73.739154 
3294.073419 
-2060.503761 
1842.861178 
4429.012575 
-240.761877 
-844.154302 
1397.819164 
4161.980249 
191.440955 
6203.418480 
-702.224294 
4478.782654 
1801.945358 
4624.629614 
6603.396930 
10678.442179 
7052.631492 
59067.884423 
-29408.753940 
-3285.673085 
-6521.655665 
-2109.215334 
-491.516538 
-2187.046122 
-1474.797925 
6802.931173 
-10928.101103 
306.376050 
-3548.007307 
-1271.714981 
4784.005864 
1323.424277 
-7074.114759 
-396.324310 
5735.509201 
-8271.505422 
-1015.918892 
8827.902047 
-9457.592511 
-248.348626 
8129.355629 
-8383.990187 
8642.992094 
-8393.332374 
8929.891663 
-185.088828 
-9351.635749 
10405.546196 
-3752.208039 
5778.733490 
-10785.682691 
8406.114596 
915.090219 
1916.001309 
5684.354746 
-2352.630599 
7463.762448 
-3679.377696 
677.752851 
7471.059728 
-6819.463863 
12314.668682 
1376.675100 
463.242305 
3612.893872 
-714.307782 
5314.501368 
9956.795839 
976.854918 
-89.674867 
6123.097918 
9745.615763 
1785.479418 
11600.526562 
2646.939969 
12967.835755 
4009.529527 
15557.590090 
18315.097475 
33216.220641 
17280.405952 
173550.324544 
109146.258890 
14279.826698 
19895.711937 
10764.344134 
8263.841035 
6281.042878 
8309.058228 
6235.991500 
5532.472910 
2347.892923 
3023.726680 
4863.629045 
2417.513649 
6056.573433 
-210.106387 
-833.294362 
9480.539353 
-4372.395679 
4437.666300 
2797.084158 
1797.657350 
1541.833968 
2440.898857 
-1007.766812 
3433.721480 
-64.672216 
1822.699116 
2043.466688 
-2392.811956 
7401.294747 
-4392.013355 
3764.832750 
475.789395 
-572.681562 
6866.870700 
-5318.802485 
6809.028036 
-5891.301920 
4297.843338 
2238.552789 
-3452.828370 
3533.191635 
2373.834852 
-1883.418113 
735.907935 
2063.385854 
1417.444864 
-1570.287456 
5233.512115 
-1652.963925 
-1383.658022 
3291.230508 
2616.493142 
2934.013166 
-4545.815842 
4004.950526 
1132.600975 
738.538742 
3737.226688 
649.846940 
6767.152778 
4240.647330 
9294.909195 
31945.888715 
-2976.289492 
-1511.755593 
-525.458137 
-1120.722186 
-216.560423 
-1998.852988 
295.013491 
-201.172237 
-2947.089110 
4285.773698 
-1853.006088 
-2545.258485 
-1605.574869 
239.727082 
2344.959262 
-4665.529361 
1601.560843 
-1759.038578 
-1588.445144 
-394.172836 
1325.487584 
-3112.539605 
-110.179538 
1038.428931 
-932.665043 
-4973.104227 
5979.279034 
-6576.256237 
5114.221749 
-6758.694203 
878.933530 
-548.432704 
-3332.056621 
3439.489840 
-6322.467743 
1709.024008 
-1110.289822 
-4173.720621 
2924.254426 
-4255.948055 
1303.957382 
-2776.385697 
-1459.448488 
-1744.011916 
-2509.657577 
-3869.647077 
3048.208045 
-8079.855686 
443.014102 
634.399121 
-7666.194269 
251.638182 
-5858.551618 
-2522.678371 
-2508.300825 
-5374.414642 
-6623.343003 
-5582.599834 
-7926.099579 
-7747.645482 
-10757.780146 
-19599.629624 
-14635.073657 
-109290.079666 
110207.329999 
14950.628292 
21140.559415 
11437.077813 
9780.746682 
6731.099361 
9278.148512 
7492.862588 
3605.353561 
6265.930026 
3457.542202 
5620.187885 
3448.574670 
6889.653427 
225.054202 
2601.918859 
6832.370727 
-162.617379 
3436.039585 
3853.129548 
4848.284213 
952.634653 
5235.709991 
1485.434173 
1364.285673 
3839.625394 
1051.293275 
4894.417599 
629.935527 
3987.347949 
929.088976 
3335.853723 
2098.245818 
4247.810511 
2614.706464 
1553.162756 
3201.113082 
1127.204011 
2947.667462 
5071.582354 
-2866.672661 
8199.098020 
209.975523 
3620.344015 
1108.048212 
4354.407770 
3166.590674 
3039.328740 
3717.455769 
3081.526114 
1972.520866 
5324.605370 
5913.897899 
4429.528178 
2170.355944 
6857.285938 
6245.331878 
5857.430684 
10254.616830 
8169.220004 
16190.175661 
16472.993287 
29125.531221 
96218.097331 
-54300.981678 
-6485.130517 
-10730.256799 
-6418.482637 
-3668.002904 
-3194.271665 
-3385.130513 
1254.737458 
-9056.479111 
-1000.108404 
-4761.292014 
-2431.511194 
1716.446330 
-137.115213 
-6683.006135 
-2779.321601 
3199.454070 
-6412.050723 
-1409.941528 
3951.327850 
-8783.574303 
569.624554 
2514.117044 
-5689.261422 
4885.088824 
-7149.033167 
4925.927137 
-1781.549687 
-6983.029793 
5331.775154 
-4702.673097 
4793.127907 
-8243.596524 
5224.697340 
-2438.932358 
2099.270404 
2912.658933 
-4071.263797 
5399.848476 
-4354.510915 
1046.678169 
2323.189448 
-4889.989308 
8623.579086 
-1823.604745 
-291.871946 
3373.985735 
-2697.936488 
3126.303668 
6346.125549 
-404.143323 
-1453.788213 
2729.038831 
5977.840891 
312.516394 
8498.811977 
-111.175689 
7232.921646 
2509.715694 
8226.665465 
11200.499170 
20247.478523 
10767.642077 
109961.415647 
109949.266294 
14939.027224 
20757.766638 
11326.184176 
9232.626763 
6810.319813 
8835.910440 
7268.129344 
5139.555451 
4061.672100 
3776.832191 
5445.814302 
3166.765325 
6870.091336 
195.383863 
847.373706 
8985.835338 
-2562.373084 
4435.646776 
3720.303531 
3391.679503 
1603.055856 
4012.076791 
296.557446 
3232.936819 
1551.818642 
1861.676911 
3872.619114 
-1007.001589 
6635.666379 
-2041.504311 
4092.743689 
1469.125497 
1826.098935 
5668.838540 
-2379.010917 
6082.940524 
-2898.433622 
4368.516313 
3744.143174 
-2725.492153 
5651.271752 
2185.290730 
556.186423 
1509.752101 
3373.254692 
2559.318651 
795.231663 
5139.049630 
582.071138 
532.630854 
4641.168463 
4425.007593 
4143.588678 
-1559.355354 
5752.323919 
3736.298448 
3283.321381 
6950.565955 
4211.964445 
10839.056954 
9960.339637 
18144.153591 
59801.508048 
-173898.309625 
-17482.837458 
-32970.206274 
-19565.860924 
-16503.934543 
-4315.064642 
-13926.206062 
-6094.850477 
-8074.556616 
-2541.920130 
-9753.804656 
-6788.129865 
-2666.674440 
-2365.779749 
-7942.456346 
-6448.449990 
-2837.245311 
-380.216463 
-711.204526 
-7253.349186 
-8029.124517 
6029.678425 
-12576.745531 
2549.111433 
-686.110517 
-5048.408149 
-2519.960014 
-6530.124303 
1120.310505 
-6474.030930 
-8184.385909 
7881.078409 
-2063.346876 
-612.869529 
-12498.284968 
7955.695911 
-2978.412968 
-9561.470395 
4586.619694 
-8180.870260 
7799.629080 
-13140.647063 
2090.378738 
4595.970309 
-11756.392086 
-65.827762 
6788.449189 
-7410.279346 
-2378.690355 
2040.420964 
-3304.107903 
-5025.806008 
-3313.577366 
-1567.996487 
-1997.047929 
5155.369913 
-7476.693756 
-6162.602437 
-262.078165 
-7677.870609 
-6620.733968 
-9842.714156 
-4373.399124 
-48664.491551 
53619.781625 
16189.928055 
11384.984967 
5641.531690 
6771.741917 
4045.079278 
4830.236967 
4162.865469 
872.397865 
8239.590600 
1075.578803 
156.121541 
960.991913 
3007.483697 
5911.276181 
-4820.844550 
5188.520348 
-19.286670 
257.433191 
1024.401507 
4052.798953 
-2331.943549 
1539.211848 
2368.141097 
1032.150623 
-5163.881382 
9840.341601 
-7316.789109 
8262.335556 
-8308.705311 
4024.528119 
468.507619 
-2913.083910 
5777.097289 
-7506.327430 
2815.588506 
1013.652041 
-2285.232113 
1739.392545 
-3403.654544 
1077.627814 
636.759060 
-2974.825709 
394.304053 
-1733.356688 
-4040.273162 
3830.876760 
-8203.473590 
1851.245490 
-173.066486 
-5578.790006 
-1205.288516 
-4824.713956 
-1883.059211 
-1400.480491 
-6515.922008 
-4767.682217 
-6956.147090 
-7652.956050 
-7056.259102 
-10676.115979 
-19355.580188 
-14247.743320 
-109658.470024 
110307.808365 
15348.443286 
21563.614820 
11464.846509 
11143.877874 
5524.012951 
9358.953784 
10641.758652 
1502.048156 
7479.865765 
5142.678909 
5278.643650 
4700.147317 
7494.090443 
-483.576285 
4413.917131 
7189.583276 
343.556635 
2935.966978 
5592.268624 
8154.207400 
-3122.503678 
10052.840377 
2099.134762 
764.537314 
6439.745655 
-1698.392768 
10464.350112 
384.766222 
3489.843192 
1972.640886 
6994.846449 
1445.386151 
9253.233722 
-549.537770 
6383.889054 
986.895350 
6857.794082 
1260.155670 
9714.781117 
-4208.670196 
13693.326019 
-663.510250 
8268.896837 
-46.572715 
8834.679368 
3544.959940 
7916.354849 
3603.681384 
7722.685578 
4788.935947 
9283.583558 
9742.425157 
7610.203504 
8475.417526 
10448.784728 
11134.636548 
13325.210563 
18682.639816 
17279.080344 
29138.600283 
34097.326582 
57920.577172 
192587.907354 
-85788.005795 
-8123.631819 
-16034.848688 
-9332.125829 
-7905.257797 
-1199.313547 
-7187.842116 
-2768.163295 
-2496.870676 
-748.063895 
-4149.844516 
-2652.745596 
-1342.698906 
-1136.864626 
-2388.851470 
-2635.258336 
-1669.481863 
1459.782465 
372.743730 
-4022.261290 
-2869.458532 
4240.043454 
-7226.286851 
3212.733560 
-1093.613868 
-708.784252 
-1802.375959 
-3001.040607 
2913.924845 
-4134.697307 
-3157.172355 
4080.583599 
1037.169867 
-796.509737 
-5932.963218 
4818.459911 
-1933.639820 
-3718.029415 
1896.735240 
-2913.051442 
4505.521576 
-7106.900653 
2625.465700 
1333.164409 
-5460.938038 
575.802845 
3420.432150 
-3016.331584 
-1410.068845 
32.234025 
-947.815760 
-2446.538803 
-1712.733187 
-2051.147783 
-748.623116 
1275.903262 
-3860.521347 
-4760.883049 
-464.630158 
-5920.785207 
-5754.481587 
-9469.872333 
-4598.395892 
-48297.645929 
53219.779940 
15844.987488 
9001.689205 
7842.447366 
5678.418630 
4854.965498 
3731.527900 
4018.497600 
1497.439679 
6212.612708 
-194.789362 
2405.484594 
908.480597 
2990.309941 
3571.099345 
-2274.263811 
3742.199706 
1141.291468 
1387.863859 
-581.547384 
5416.487806 
-3710.544020 
4700.348521 
-362.125008 
2183.676709 
-1930.199351 
6577.205029 
-4702.497918 
6801.617588 
-5242.395604 
4088.988495 
1366.518289 
-1611.700566 
5370.959606 
-4322.154719 
2741.961265 
1852.429448 
-1688.862237 
4437.350262 
-3822.663996 
3060.766214 
1158.602762 
-506.313744 
2060.867192 
428.249077 
-1857.729368 
4333.382389 
-4000.015194 
2965.662022 
289.329344 
-240.303482 
517.827662 
-150.792255 
-4.320717 
3474.724160 
-2685.778416 
-34.737471 
890.137878 
-244.733820 
827.543629 
-13.734711 
698.648553 
-112.510155 
1051.976197 
-56983.735793 
-8833.780590 
-9211.250710 
-5705.130321 
-3660.857237 
-4172.999362 
-1645.791779 
-3871.307210 
-1353.252546 
-1766.530936 
-1769.236582 
-841.936940 
-3075.253907 
-416.177553 
-1383.407748 
-725.961545 
-905.792899 
-1152.838077 
144.869128 
-2665.376392 
-1206.929842 
772.798824 
-1752.276995 
-257.606792 
-754.964498 
-1616.582225 
370.636253 
-2267.234636 
960.064096 
-3741.788077 
705.360976 
-1299.088490 
-624.536589 
676.933445 
-3852.073581 
585.118638 
-3303.265960 
997.736767 
-1730.784471 
-2391.777079 
-79.294832 
-2023.797511 
-218.777172 
-1757.822453 
-3516.876421 
-355.972120 
-3307.900134 
-960.864566 
-2499.658450 
-2861.021944 
-1809.727691 
-4144.948057 
-2252.568717 
-4282.365235 
-3543.847187 
-4082.700447 
-6295.377463 
-4680.565556 
-8107.368299 
-7891.266306 
-11196.288427 
-17222.603950 
-16515.606976 
-101652.731901 
114265.600965 
35648.031949 
20700.099207 
17954.930995 
10953.641048 
11047.501155 
8023.432563 
8285.888216 
5187.869591 
9208.239858 
2749.945052 
4704.149597 
4127.313921 
4299.513258 
6890.431478 
-2057.577985 
6633.597902 
2415.943681 
2781.415556 
902.683934 
7048.286583 
-3917.040668 
8689.788553 
-1057.834506 
4286.895802 
-2587.158780 
9750.712409 
-5547.034545 
9600.219857 
-7174.803344 
7177.138608 
1760.534294 
-1064.373216 
6636.584902 
-4987.107764 
3535.790072 
3580.068022 
-2233.715048 
6293.659403 
-4433.167151 
3738.336876 
2599.390824 
-1052.167014 
3310.207868 
1174.923056 
-1838.893408 
4349.420164 
-3437.390255 
3633.533359 
236.574136 
-321.495272 
1798.220618 
-372.177095 
442.299464 
4759.305011 
-3750.262012 
865.582832 
2299.486944 
-1478.659723 
1834.390738 
63.221951 
1288.002823 
-112.257476 
1346.982165 
-56773.914879 
-8471.097855 
-8813.989604 
-5302.775762 
-3313.543854 
-3822.691608 
-1326.377638 
-3533.281763 
-1066.121756 
-1459.272505 
-1478.667245 
-595.584387 
-2787.848101 
-190.377046 
-1135.096607 
-460.462009 
-737.697903 
-918.462326 
326.148055 
-2462.251138 
-1019.768622 
909.005747 
-1571.420467 
-129.657610 
-604.711410 
-1471.311467 
461.057597 
-2142.204225 
1059.015641 
-3623.700903 
760.939230 
-1191.985106 
-573.158466 
724.092625 
-3774.135035 
589.226817 
-3232.258390 
1002.935042 
-1701.820124 
-2392.755049 
-47.229947 
-2044.650703 
-252.350316 
-1749.481728 
-3536.683389 
-401.510102 
-3343.675385 
-992.980129 
-2563.859039 
-2940.519903 
-1862.370729 
-4170.237694 
-2366.156024 
-4335.111704 
-3652.850752 
-4136.311256 
-6425.550988 
-4705.204173 
-8233.158466 
-7983.227258 
-11277.795661 
-17230.075586 
-16542.436903 
-101086.538393 
113524.251326 
35600.004241 
20615.722524 
17938.020498 
10925.896106 
11121.391942 
8094.804882 
8403.318967 
5276.050005 
9317.549335 
2726.608185 
4832.398345 
4231.111391 
4443.695175 
6938.635657 
-1989.029040 
6795.586973 
2511.239958 
2803.150218 
1097.395546 
7132.586721 
-3866.468700 
8861.160533 
-968.481043 
4354.732945 
-2399.057235 
9761.495822 
-5337.143757 
9687.048607 
-7081.925486 
7325.465569 
1877.663341 
-946.963458 
6751.138884 
-4825.696782 
3618.668460 
3802.283840 
-2204.656103 
6456.418362 
-4324.169054 
3971.986264 
2595.230606 
-773.232523 
3350.138246 
1367.586469 
-1680.222208 
4479.302001 
-3281.663587 
3796.082355 
406.120818 
-199.794015 
1965.964886 
-182.528027 
585.610442 
4940.545478 
-3569.071024 
1037.455396 
2482.753156 
-1278.971006 
1999.850633 
293.278485 
1470.433283 
120.902537 
1740.019053 
-58352.820435 
-10852.843547 
-11897.163569 
-8641.158837 
-5972.894446 
-6940.538510 
-3742.646791 
-6658.617616 
-3598.422987 
-4411.568840 
-3887.563004 
-3758.506770 
-4867.528809 
-3164.632682 
-3264.909782 
-3814.130159 
-2646.309141 
-3381.228760 
-2170.378775 
-4752.451281 
-3384.018515 
-945.856611 
-4277.906029 
-1668.621589 
-3224.712445 
-3053.665863 
-1493.285659 
-4006.890755 
-756.421797 
-5349.022897 
-726.870373 
-2916.037081 
-1891.345713 
-610.562308 
-5250.105223 
-611.830863 
-4429.126851 
71.648891 
-3264.850415 
-2712.714314 
-1491.043967 
-2385.609368 
-1294.359679 
-2228.191793 
-4775.017728 
-495.897825 
-4110.039955 
-1879.046952 
-2353.547206 
-3906.894793 
-1792.594951 
-5116.094421 
-2341.239395 
-4785.412414 
-3687.707372 
-4561.133660 
-6562.869509 
-5014.105748 
-8275.679501 
-8275.773954 
-10874.497714 
-17277.781875 
-17286.488054 
-103989.357161 
116872.424682 
36523.137290 
23366.522224 
15845.847150 
10895.766591 
10006.961936 
8788.425126 
7880.900603 
5338.091519 
8555.338437 
5954.832893 
2094.980710 
5406.408263 
2871.561655 
8998.800949 
-2753.788185 
7274.722809 
1357.389944 
2086.608953 
3844.169665 
3413.230858 
236.400940 
5208.529773 
1812.406073 
3618.574727 
-4375.898384 
10862.503142 
-4861.766533 
8535.999027 
-6787.118892 
6447.040912 
988.492938 
-106.960042 
4563.738348 
-4479.703864 
2681.178858 
3455.896532 
-1370.959540 
2685.722208 
-982.609012 
655.585338 
3359.242336 
-3183.638779 
2303.943342 
-169.512029 
-1716.263391 
1556.490854 
-3691.609686 
1778.776156 
428.315675 
-4743.075044 
1203.108272 
-4216.894586 
-162.273903 
-1061.105675 
-5437.896995 
-2674.272326 
-4249.815849 
-8776.266400 
-5267.014497 
-9866.495791 
-18377.728612 
-13485.312801 
-109778.736055 
111200.447160 
14956.612952 
21140.223762 
11085.234587 
9337.250848 
8177.640104 
6987.191568 
8267.033000 
1162.536717 
8441.397715 
2780.560731 
5254.808933 
2911.501653 
6624.230591 
414.848323 
4642.241267 
2035.352171 
4478.842734 
1350.365366 
3624.993228 
5227.364146 
845.310456 
4397.351951 
4222.349662 
-1212.031482 
5968.417574 
-999.743562 
5365.679596 
2547.263268 
721.692679 
4477.647203 
2573.145524 
1839.110263 
5826.753618 
-737.397356 
5699.719636 
-278.784658 
4121.183499 
2591.979224 
4591.521354 
-878.425431 
7133.814350 
-2035.616938 
7774.628786 
-1439.881843 
5038.553227 
3203.438587 
4413.753071 
1579.671109 
3539.228645 
4518.735843 
2681.571767 
6895.262701 
1573.654295 
5661.931176 
4243.638476 
5637.783419 
5264.751634 
8799.778451 
7797.258762 
11646.897363 
11891.647690 
21388.488358 
64841.777671 
109897.361224 
15188.889575 
20821.294953 
11786.547107 
10050.790451 
5193.051366 
9154.850204 
9620.137083 
6401.013644 
1807.007016 
4814.319518 
5596.463568 
4033.408837 
7491.233076 
-784.826283 
-940.143560 
14411.774072 
-7790.593490 
6179.669917 
5023.083103 
3125.616516 
961.003566 
5697.460659 
-2366.095065 
6473.357490 
-1029.514699 
2057.378005 
6262.951517 
-3552.543366 
9725.971754 
-5787.587318 
6781.949478 
423.824563 
2415.279767 
7965.730117 
-5456.674330 
9280.549529 
-4511.801826 
4589.598599 
5276.564936 
-4553.768264 
7290.008559 
5329.040739 
-3054.466413 
4374.405725 
4049.906155 
2517.474783 
1397.191909 
7771.741605 
1228.017325 
-370.990209 
8455.705820 
5588.390104 
8076.951117 
-3232.851535 
10498.001153 
6630.215786 
6754.309218 
12001.851093 
8247.457800 
18816.550409 
22040.244500 
37478.046018 
121955.900762 
-110766.745683 
-12805.396078 
-20452.769165 
-10935.137853 
-8264.106642 
-3726.914593 
-6938.907381 
3002.937317 
-14723.917637 
-345.543930 
-7936.258540 
-2944.519072 
3406.097950 
1763.276663 
-11193.231910 
-3293.873276 
6110.428063 
-9508.095920 
-535.670594 
6916.546119 
-13742.181830 
2780.470038 
4091.474802 
-7917.695347 
9736.371326 
-11546.562203 
9259.770203 
-2785.998226 
-9743.074762 
8937.066709 
-7665.038430 
9888.099160 
-12514.004885 
9192.538211 
-4503.957795 
5678.163031 
4980.870329 
-7121.379837 
10783.960930 
-8107.523174 
3965.615030 
2385.774918 
-6398.195858 
14446.059016 
-3035.290101 
-142.875281 
7030.661888 
-4247.233724 
4890.040468 
11951.578561 
-1178.611653 
-1674.180500 
4334.043845 
10736.965366 
748.773062 
15120.260785 
-284.260215 
11942.837422 
4455.102310 
14002.254738 
17740.930251 
32179.393169 
17984.508037 
173353.114495 
110122.745765 
15069.279577 
20561.375831 
11632.913069 
9236.295819 
6079.461293 
8395.467458 
8547.499739 
6781.919728 
1350.264179 
4133.356935 
5597.398431 
3131.594944 
7170.823244 
-515.162564 
-1350.414413 
13161.089024 
-7035.285780 
5755.089586 
4322.843723 
1918.814957 
1717.856844 
3955.633674 
-2362.810162 
6192.517823 
-1653.512076 
2231.103788 
4433.893916 
-3669.590267 
9570.604277 
-6222.698169 
6028.953214 
40.699167 
346.711120 
8774.257160 
-6960.049746 
9446.268501 
-6649.039385 
5116.584063 
3443.894688 
-3908.297663 
4575.548387 
4980.754855 
-3839.569166 
3172.769180 
2822.533336 
1772.918044 
-584.622450 
7393.523417 
-1204.610991 
-988.250994 
5777.493308 
4050.758117 
5509.345265 
-4960.159483 
7363.671440 
3551.374033 
3441.421175 
7248.777262 
3881.838137 
11350.611108 
12116.900966 
21021.094860 
68413.741166 
110753.353320 
15378.794234 
20928.803991 
11863.899227 
9492.178895 
6768.996408 
8211.299397 
8658.899908 
6319.438423 
2607.304610 
4080.915356 
5868.989523 
3170.365110 
7442.170285 
-239.162542 
-260.774548 
11725.327766 
-5189.127800 
5256.638742 
4486.360121 
2475.382431 
1943.458186 
4099.952158 
-1177.942482 
5364.053170 
-738.716495 
2104.970128 
4798.225444 
-2660.733040 
8373.702382 
-4374.777576 
5481.474297 
555.889898 
1218.604237 
7592.828358 
-5081.656342 
8303.593005 
-5058.929738 
4984.102006 
3656.728998 
-3289.909447 
4894.059454 
4171.546651 
-2143.059523 
2853.285635 
3103.782464 
2145.829317 
236.286151 
6773.625419 
-593.475894 
32.292235 
5501.371547 
4503.339658 
5010.971902 
-3351.942211 
7201.260051 
4046.359078 
3804.368936 
7619.474347 
4706.118238 
11174.535162 
12259.201922 
21003.174345 
67301.868772 
112498.128428 
16183.014959 
21511.968855 
12440.856757 
9485.706908 
8978.362206 
8335.837554 
7671.752935 
6311.180197 
4772.764869 
3554.561164 
6586.179192 
3111.128267 
7502.842695 
1211.932114 
1228.233483 
8598.928483 
-1072.812008 
4718.292642 
4194.140581 
2313.959379 
3775.219126 
2439.677394 
1298.106739 
3821.835237 
1109.542066 
2398.097586 
3282.520497 
-580.858305 
6891.612713 
-1680.708716 
3927.442245 
1580.675123 
492.032759 
6983.747776 
-3617.405840 
7265.984630 
-4858.976759 
5742.911727 
2019.294459 
-1125.895223 
2910.970856 
2403.013091 
20.053169 
1360.504797 
2031.784700 
2181.946189 
-147.591479 
4871.948993 
-1846.843583 
796.456930 
2256.747796 
3460.987069 
1310.289572 
-2808.601409 
3179.702737 
1038.523670 
360.252159 
2682.993989 
79.697551 
2795.953998 
231.278132 
1711.376920 
3422.729878 
-2406.570394 
-319.336485 
-660.788167 
-56.615919 
719.028303 
-805.475783 
156.020989 
2230.738973 
-3316.738082 
-138.270078 
-641.837379 
-565.973975 
1639.650327 
116.635793 
-2140.910025 
-92.336433 
1680.063504 
-2883.506933 
-545.633624 
2832.285842 
-2948.419803 
-553.107105 
2843.361813 
-3013.957430 
2443.241469 
-2606.990979 
2598.770967 
130.090570 
-3479.168266 
3496.168434 
-1156.122000 
1355.452263 
-3680.053402 
2620.597396 
642.440671 
-81.424087 
1939.335966 
-546.372080 
1997.420608 
-899.931240 
-214.816809 
2923.613407 
-2518.993273 
3682.121617 
833.335610 
66.807660 
877.854031 
-16.394165 
1823.260721 
3006.709995 
541.498304 
311.092265 
1893.178357 
3383.736370 
723.827069 
3692.267367 
1195.767722 
4721.345365 
1505.956936 
5134.921690 
6668.154855 
11463.405856 
6275.543332 
58019.298448 
-1712.996389 
164.087118 
-373.775586 
1406.338417 
1462.163988 
1059.621142 
1137.440925 
1551.202769 
-480.607571 
4615.213571 
-1707.349844 
1577.655952 
-681.558449 
2865.860281 
1646.606067 
-1482.199238 
2477.487644 
1133.011022 
728.609958 
-473.140420 
4717.528596 
-2867.915277 
2870.047739 
921.873265 
1069.745770 
-235.014662 
4543.230517 
-2963.230766 
5493.326848 
-3121.105848 
2690.274028 
1746.355341 
-1189.842616 
5243.818016 
-3028.078984 
3213.935381 
979.124536 
-668.002462 
4605.756615 
-2908.456959 
4134.908569 
-190.421542 
1706.653732 
1400.114791 
1021.667686 
-1094.800682 
5432.925649 
-3501.576461 
3261.170244 
1605.107112 
363.689712 
1004.057197 
952.476249 
224.378678 
3947.558397 
-906.639486 
125.535082 
1489.844812 
1576.576829 
1210.569789 
1138.314680 
1613.072716 
1011.849332 
2824.895929 
153296.962774 
25789.591287 
25867.972283 
16913.801980 
12010.060004 
12471.610301 
7389.594434 
9413.484275 
6720.404993 
5536.537462 
6724.106003 
3918.084890 
6062.950469 
3248.854158 
4700.490209 
4153.781307 
1820.757693 
5522.342663 
1014.129291 
5506.346494 
2857.484624 
1228.729875 
3218.363930 
618.663270 
4249.816625 
2799.587312 
-811.277058 
5242.548309 
60.117404 
5635.115059 
-99.286778 
1026.562230 
2775.466803 
-346.904341 
5633.038326 
-524.872369 
3175.415795 
519.717202 
2883.808144 
1140.221130 
1041.756063 
3026.959804 
-446.660320 
1909.103114 
4206.381554 
381.327571 
1547.360311 
1938.839083 
1190.686161 
2250.542291 
745.544731 
4225.651469 
1760.404782 
2069.922047 
2521.178895 
1400.025375 
5440.202155 
1197.172856 
5201.222991 
4204.865332 
6062.803815 
9758.462961 
9177.499243 
58407.988129 
-65914.067759 
-20526.354939 
-13251.283837 
-7156.244007 
-6562.118521 
-5949.298348 
-4110.173380 
-3990.608183 
-3414.253891 
-2848.992116 
-3452.341084 
-2109.084395 
-2717.264490 
-1476.119714 
-3934.895302 
663.631339 
-3245.094841 
-1172.716961 
-1781.346235 
-1030.264310 
-1979.386288 
-1047.396077 
-1023.381642 
-1253.166596 
-1754.862992 
726.942774 
-3647.914422 
918.623256 
-2788.036981 
1934.043702 
-3396.235837 
-177.729118 
-746.647797 
-1435.396227 
887.238964 
-887.207615 
-2306.590780 
-553.527186 
846.670467 
-1108.093322 
748.817823 
-3584.386754 
2210.347474 
-2345.388324 
-299.921031 
-242.780068 
52.146918 
-394.641454 
-850.868021 
800.587585 
-984.956102 
-496.663743 
179.820566 
-751.648263 
-1063.591414 
1375.348375 
-1795.773726 
1050.011750 
362.928916 
-829.699485 
346.518870 
-27.461861 
-174.062046 
1256.619940 
111366.139659 
14790.515594 
21361.279678 
11393.086555 
10172.520087 
5643.874612 
10265.075608 
7570.500509 
3001.308883 
6567.692364 
3352.409821 
5245.083947 
4062.424925 
6206.414302 
326.221793 
2251.551642 
7287.027712 
-657.679669 
3275.994618 
4275.547165 
4340.782815 
1464.644785 
4617.997752 
1995.399963 
686.707525 
4802.239839 
311.357297 
5361.594478 
639.333993 
3782.700017 
858.761768 
3566.428304 
1908.552218 
5469.354602 
1621.480809 
2160.712807 
3164.128497 
1679.696747 
2918.985151 
5440.256944 
-3529.558568 
10253.127490 
-161.176895 
3576.964796 
2218.058785 
4294.330479 
3361.979175 
4411.394484 
3722.706690 
3939.222814 
2396.023077 
6780.572191 
6863.753327 
5054.328484 
3047.396548 
8426.927896 
7886.578717 
7555.967615 
12632.652706 
9472.608880 
20660.918337 
20511.799642 
37060.298012 
118529.911673 
-107378.754687 
-12216.392274 
-20520.693661 
-11323.769303 
-8704.464326 
-3414.985129 
-7427.880596 
1224.918009 
-11835.233995 
-499.827847 
-7395.371104 
-2745.083513 
1842.615390 
1137.781315 
-9023.390307 
-3206.348278 
4153.225590 
-6557.338274 
-185.481142 
4161.349032 
-11052.855523 
3658.178031 
922.607258 
-4708.116972 
7061.537340 
-8569.816667 
6648.059830 
-2946.868766 
-5924.446373 
5488.093734 
-6287.228751 
8750.247975 
-8612.774366 
6765.064265 
-4907.492691 
6229.596984 
3130.553988 
-6005.214139 
8797.169232 
-6563.358486 
4554.730449 
-179.766892 
-3400.957631 
11102.745052 
-3474.157699 
393.492200 
6547.083157 
-3823.215213 
3520.416024 
9210.302828 
-826.389843 
-1974.816722 
3372.183648 
7198.066701 
792.780385 
11536.579569 
-715.282346 
7357.542453 
3314.475312 
9059.067694 
11489.809416 
20903.977351 
11872.832851 
113287.311985 
-32588.658499 
-9885.878532 
-5050.659701 
-7172.696503 
-1152.535382 
-4284.103475 
-1297.261052 
-1578.455200 
-4662.777071 
4606.203648 
-3768.329708 
-3067.844257 
-3986.362647 
1250.350546 
1389.254613 
-6032.072523 
1303.474372 
-1702.500714 
-2437.723349 
-1486.284409 
2237.719454 
-3446.882062 
-3438.214797 
2986.117599 
-2445.879200 
-4920.023004 
6195.271561 
-7792.505300 
5676.600096 
-7695.176583 
394.904498 
-515.363850 
-4459.215596 
4773.601069 
-8266.560927 
2514.632627 
-2479.040767 
-2235.053485 
449.080583 
-4405.186533 
1239.639559 
-2801.502676 
-1782.144819 
-1930.979103 
-3105.847462 
-4989.631241 
4865.583044 
-10466.755176 
945.191414 
125.404333 
-6452.810878 
-2646.493862 
-5112.908784 
-3327.659830 
-2237.896039 
-5997.768826 
-6716.524574 
-8343.592809 
-6475.029109 
-8512.716356 
-10971.473108 
-20124.409326 
-14567.098889 
-109297.362408 
109265.325679 
14823.010903 
20930.023024 
11055.329713 
10633.596164 
4409.449843 
9565.107680 
10334.222080 
2223.514778 
5489.387916 
4962.209213 
4790.512281 
4598.270727 
6915.484576 
-932.812653 
2472.202776 
9418.869462 
-2734.624988 
3664.024036 
5177.805979 
7083.600082 
-3548.124394 
9562.379734 
232.850356 
1832.693717 
4892.631200 
-1643.131142 
9655.871065 
-1403.310418 
5346.732803 
-1079.402844 
7559.304564 
581.986304 
7548.028385 
1292.296415 
3155.006126 
2694.214113 
4083.741644 
1309.916621 
9263.314092 
-5483.112931 
13059.813885 
417.306611 
5429.110646 
299.461018 
8186.149477 
2815.228946 
6304.445462 
4591.809993 
6551.252405 
2836.577157 
9829.450819 
8668.928127 
8363.056667 
5635.763568 
10700.695522 
10124.563580 
12543.084787 
17973.663067 
15772.709131 
29317.745948 
33556.866697 
57404.746569 
192226.357244 
110110.595786 
14678.566745 
20145.254018 
11144.773747 
8501.325240 
6501.985491 
8284.461269 
6834.178211 
5951.901326 
2110.741714 
3147.683732 
5179.931622 
2554.389328 
6278.802662 
-143.666748 
-1095.698641 
10411.451756 
-5010.173261 
4859.788555 
3192.412028 
1330.191853 
2098.232905 
2401.698538 
-1492.042589 
4245.476094 
-503.618770 
1821.731220 
2476.304958 
-2643.622078 
7848.880480 
-5010.872743 
4284.765533 
245.987822 
-601.271655 
7563.765373 
-6279.933370 
7817.351621 
-6652.377068 
4667.824094 
2046.514492 
-3245.235100 
3221.045042 
3019.452282 
-2769.631788 
1503.158727 
1703.154312 
1302.328400 
-1292.934435 
5411.701302 
-2081.482866 
-1273.285518 
3325.192981 
2871.827575 
2747.911089 
-4912.613927 
4207.119425 
1206.203777 
904.937085 
3686.601373 
539.148705 
6488.927147 
4344.430568 
9250.432544 
31901.713327 
-28328.763790 
-3247.072650 
-4179.324306 
-1111.812342 
-229.999825 
-799.018011 
-257.968145 
5784.229460 
-9438.332880 
1091.416357 
-2435.778068 
401.057130 
4631.924024 
2815.414280 
-6242.065553 
-91.401561 
7041.207962 
-8020.180513 
11.028737 
9697.274464 
-8782.996516 
399.528876 
8985.736600 
-7604.210266 
9041.914624 
-7755.379775 
9610.059803 
457.182494 
-8704.404585 
11001.601549 
-3176.138128 
5983.576771 
-9948.167409 
8844.330878 
1435.341593 
2302.111271 
6036.792441 
-1919.101196 
8033.370884 
-3409.094689 
855.363066 
7944.440326 
-6104.626478 
11412.569353 
2656.320610 
484.715020 
3795.164518 
-225.903118 
5949.599311 
10220.471821 
967.157961 
1041.957612 
5754.938613 
10865.870726 
2002.869464 
11889.436360 
3498.213588 
13193.865622 
5073.934598 
15521.360654 
19367.784143 
33234.663209 
18160.813435 
174018.633313 
109723.421101 
14642.615272 
20248.061101 
11008.770443 
8772.404851 
6558.743496 
7839.034233 
7278.296335 
4988.188754 
3248.039055 
3230.734085 
5204.545463 
2688.560480 
6641.850986 
-361.097497 
23.527787 
9387.405973 
-3764.547190 
4437.664441 
3382.515897 
2670.328097 
1352.281877 
3774.530269 
-747.406619 
3693.509521 
251.785162 
1687.714402 
3777.405734 
-1735.667652 
6714.013126 
-2970.650405 
4082.713445 
912.124918 
1295.753992 
6015.629403 
-3594.665118 
6563.368979 
-3843.940379 
4246.136456 
3270.302545 
-2666.958221 
4639.835537 
2657.910345 
-456.911732 
1773.769585 
2902.652764 
2223.820944 
678.531869 
5064.205425 
155.653559 
196.703363 
4608.766636 
4285.327125 
4058.434623 
-2166.917371 
5895.168132 
3537.628907 
3274.696480 
6797.069025 
4327.221865 
10230.495405 
10289.262539 
18045.401645 
59797.968913 
-53438.238579 
-5511.613847 
-9715.993248 
-5199.173338 
-3517.209198 
-1641.670325 
-3296.632107 
1835.559468 
-7251.556665 
-254.776163 
-3510.337716 
-1567.916939 
2126.786491 
365.365730 
-5071.467534 
-1838.766151 
3254.385598 
-4681.577660 
-429.811046 
3882.269892 
-7198.601909 
1790.873361 
1920.500815 
-3542.461646 
4509.281056 
-5198.673413 
4669.939700 
-1124.507297 
-4592.114782 
4865.475254 
-3554.918042 
5245.910978 
-5980.591607 
5039.485073 
-1766.124605 
3252.612044 
2890.121278 
-2730.660590 
5487.080745 
-3101.164314 
2308.258609 
2174.680328 
-3012.637834 
8057.475832 
-755.726825 
720.315271 
3910.210762 
-1457.153626 
3411.970004 
6254.059384 
729.023222 
-377.977117 
3016.673907 
6011.542687 
1142.622129 
8179.971573 
538.984005 
6773.037377 
2991.026906 
7331.556068 
9966.521609 
16944.687648 
9421.501188 
87002.595847 
108722.110223 
13985.845485 
19529.511901 
10503.644454 
8157.190744 
5454.624941 
7945.449186 
6609.274241 
5232.641628 
1559.863626 
2935.176298 
4535.602853 
2236.796405 
5978.205165 
-993.057431 
-1507.635845 
10439.813352 
-6001.983351 
4539.815676 
2718.989306 
1564.246759 
760.154786 
3145.191337 
-2517.051602 
4026.779035 
-987.611752 
1453.383237 
2557.956039 
-3092.532988 
7363.036538 
-5469.742518 
4140.721359 
-158.268933 
-248.318270 
6708.970010 
-6096.132264 
6978.014770 
-5941.047627 
3585.482191 
2536.396551 
-4078.790672 
3761.317419 
2822.048961 
-2908.625161 
1284.585822 
2008.935306 
1109.880546 
-1119.676378 
5139.393903 
-1248.198338 
-1700.093231 
4049.869417 
3012.826107 
3741.906942 
-4631.164184 
5116.884753 
2137.970086 
2006.987924 
5390.247227 
2451.703265 
9678.778780 
8950.075061 
16834.661661 
58765.564774 
-52727.100838 
-5493.212527 
-8425.523870 
-3347.823739 
-2059.827474 
-1059.334445 
-1833.986081 
5692.813604 
-10595.486105 
1242.994892 
-3648.877266 
13.752903 
4654.632092 
3011.847689 
-7198.301401 
-570.888962 
7137.383130 
-8042.298532 
233.180132 
9360.474008 
-9918.441979 
1468.515274 
7881.195040 
-7323.005853 
9530.215641 
-8556.002800 
9865.160747 
-330.274894 
-8545.697236 
10650.882177 
-4264.502600 
7372.259619 
-10435.945091 
9162.477596 
-105.246510 
3532.744509 
5859.462574 
-3223.129795 
8992.219318 
-4656.555348 
1942.415721 
6369.403335 
-5949.815738 
12203.771357 
1217.096744 
368.733947 
4679.174495 
-1237.758071 
5634.607484 
10700.845553 
343.266619 
223.370489 
5349.835828 
10797.369620 
1525.883962 
12751.219578 
2250.881176 
12670.467330 
4801.805133 
14899.042428 
18686.932612 
32682.868156 
18022.618077 
173671.580688 
109977.818120 
13894.046609 
19262.159932 
10478.619165 
6477.458634 
8793.118107 
5465.871412 
3720.159238 
4350.695546 
3884.978966 
815.379912 
5541.347628 
-1621.992368 
6358.480439 
-112.249196 
900.251147 
2538.453755 
1319.145748 
1280.739836 
1295.344023 
993.557394 
1712.523274 
-119.997873 
1157.205170 
122.646376 
-586.463714 
3120.082307 
-1928.951843 
-191.478284 
2532.479582 
-507.622659 
283.144887 
739.004569 
-2581.772802 
4249.262126 
-2956.820287 
2355.195667 
-5128.897174 
3873.277316 
-820.718123 
-1416.238258 
-1082.009453 
-989.022738 
1176.038264 
-3936.623986 
622.923441 
774.708480 
-3873.126209 
2645.649381 
-4932.327190 
171.622508 
-3439.945972 
1080.773928 
-3733.078414 
-3180.784101 
-2513.518774 
-3933.180697 
-4105.037377 
-4104.760880 
-4781.733106 
-7135.321836 
-12907.829687 
-18996.949013 
-63558.462446 
56215.465774 
7507.141795 
9750.385505 
4254.243728 
3719.396824 
3952.769510 
881.044212 
3874.558062 
899.345498 
1794.509390 
1287.737187 
827.199689 
3149.555369 
353.592853 
623.101195 
600.166584 
1497.478405 
1088.801454 
-338.898977 
3429.744966 
245.117283 
332.786183 
1663.952961 
687.234942 
713.592831 
2003.372108 
13.079681 
2741.920407 
-238.020409 
4047.767535 
-85.078132 
2025.529485 
1289.313097 
355.340751 
4271.469657 
243.044131 
4068.021941 
389.778250 
1580.794589 
4287.186028 
314.571378 
3594.183784 
788.069774 
2993.096228 
4464.117493 
1475.755393 
4168.565114 
2057.135889 
4128.556177 
2422.263362 
4061.205063 
4281.650427 
4084.057909 
3848.231971 
5145.968980 
4804.978740 
6892.983670 
5630.541492 
8948.099608 
8145.918208 
11834.438165 
18739.919107 
16606.835231 
105611.236206 
-947.149775 
187.965420 
901.404148 
-4.924247 
1890.021856 
-1836.772952 
2116.124167 
2011.448585 
-1359.065278 
1910.969201 
1437.618845 
131.415826 
1918.107958 
853.723479 
-309.512150 
1527.735432 
1915.212653 
-662.905720 
930.122369 
1372.843734 
2918.915952 
-382.716484 
3879.583066 
439.315789 
-107.652968 
3140.961185 
-790.780355 
4545.428421 
1325.941929 
-464.299998 
2322.424268 
1616.948832 
1359.189072 
5455.304778 
-2319.054960 
4968.893663 
-884.270806 
6213.644460 
-1291.086974 
4909.859707 
-1024.125724 
7240.053973 
508.373938 
2598.743102 
4337.186444 
2644.033370 
2644.766988 
5273.197671 
890.156669 
6523.784616 
2195.587113 
6520.754780 
3957.592761 
6398.928363 
5017.398975 
7749.787312 
8851.671952 
7816.597612 
11465.081507 
11071.649621 
18318.182720 
23122.549832 
37612.072939 
125709.655291 
-113314.729589 
-11701.681322 
-20924.915702 
-12506.882854 
-10048.062366 
-3179.084654 
-8565.690275 
-2606.508105 
-6847.336499 
-1052.731967 
-7202.910894 
-3734.108801 
-1172.137448 
-806.926412 
-6196.951503 
-3833.835428 
-741.588652 
-1824.248352 
-259.478782 
-3248.460227 
-6408.885957 
3564.209534 
-6153.313454 
-399.363308 
690.770948 
-3479.691410 
-847.046301 
-3910.272609 
-1306.056187 
-2480.758883 
-5855.913393 
5228.441548 
-3340.523645 
830.641627 
-8082.137200 
4793.658962 
-1469.635550 
-7013.130559 
4026.321757 
-6587.467815 
4515.802689 
-7704.906146 
-269.990307 
3899.674901 
-7535.283172 
-924.771763 
4115.392249 
-5371.762435 
-1571.075596 
2223.852937 
-3143.415632 
-3755.112132 
-2026.733380 
-337.238733 
-2031.863662 
4348.944666 
-5453.365151 
-1971.691247 
-982.394041 
-2362.376442 
-2080.827720 
-2707.850136 
280.172211 
734.987401 
108631.858399 
13500.326578 
19672.780325 
9854.292772 
8271.182668 
5656.898320 
7628.944502 
5395.347685 
1598.397346 
5909.241729 
1769.935384 
4866.230256 
186.759915 
6418.357114 
-1144.697333 
2107.005193 
3715.991163 
168.622252 
1520.638464 
2148.792917 
3538.138814 
662.309342 
3685.813473 
1109.303873 
-1173.974230 
2637.441609 
1347.361098 
2493.581175 
1064.674741 
554.804454 
1807.363943 
1131.153572 
1537.410586 
3725.393919 
-341.963637 
2716.795537 
-82.545533 
2050.105434 
1100.444267 
4064.871175 
-3460.174070 
7011.584737 
-1820.428276 
3697.100549 
431.466958 
2605.094639 
2967.883727 
2089.549366 
1969.014885 
2469.305691 
1859.003364 
3688.593370 
4880.531271 
2842.404305 
2210.155976 
5986.743335 
6139.344915 
4495.507169 
9290.780135 
7865.595563 
15045.626893 
15317.594439 
28246.251641 
94967.831603 
-86153.051574 
-8866.462544 
-15959.428483 
-9520.670230 
-7011.618175 
-2172.649039 
-6606.341698 
-442.758626 
-6503.549263 
-496.889015 
-5242.986513 
-2356.187128 
510.235411 
-504.839315 
-4718.730760 
-2794.554022 
1391.410393 
-2498.387964 
193.115546 
304.571919 
-6703.379875 
4054.671778 
-2873.736704 
-640.883743 
2058.825876 
-2641.805083 
1631.308011 
-2229.036481 
-1192.717809 
865.652998 
-3995.250192 
5787.113608 
-2928.233365 
2927.461526 
-4548.934629 
5532.630067 
456.419940 
-3558.047084 
4585.529716 
-3409.850703 
4414.182774 
-2685.134000 
-176.582240 
6211.657435 
-3434.117520 
991.154437 
4785.201127 
-2622.636580 
1672.840680 
4191.218544 
172.571193 
-1773.788855 
1487.005043 
2515.604644 
486.518128 
6124.188165 
-1705.042974 
1791.281350 
1570.678316 
1758.332983 
3375.689089 
4555.682801 
3837.725588 
29076.914181 
-679.997355 
1000.410941 
1445.847267 
466.402987 
3038.219211 
-2682.147234 
2356.175171 
4548.236168 
-592.520260 
561.976360 
2999.921668 
369.817315 
2921.273088 
1926.779952 
-1036.220410 
421.677760 
6425.561902 
-4618.733509 
2731.631085 
2526.987624 
2969.407340 
-418.333119 
5830.466963 
-1619.062983 
2682.876349 
1244.099005 
-734.678129 
7406.775596 
-482.535616 
2047.324600 
-137.711446 
3520.492053 
988.683509 
6754.426573 
-986.126421 
2927.411159 
2044.224024 
5503.388065 
-1350.711367 
6626.357912 
-2131.084949 
8858.113644 
2918.101900 
51.307719 
7888.685181 
2849.776425 
2854.546372 
6873.479201 
2341.225840 
7872.494206 
1624.248033 
10695.342725 
4792.664186 
10371.716179 
4038.817318 
12373.453353 
12565.528067 
10990.583139 
16993.762229 
15693.070765 
26478.833995 
35679.281154 
57095.099797 
192316.821550 
108697.497930 
14051.039806 
20817.976094 
10375.961581 
10250.537887 
4725.858034 
8799.273309 
8256.285647 
1453.839996 
7209.976691 
3072.890272 
5317.288909 
2164.629209 
7439.578146 
-1248.000223 
3067.016910 
6416.446159 
-611.869138 
2537.234698 
4096.594192 
5120.968144 
1200.849578 
6388.726828 
1134.200455 
775.283777 
3129.714225 
2123.484950 
5441.565338 
1967.089588 
1556.626435 
2030.470913 
4161.161559 
1592.585272 
7934.734847 
-870.712667 
5204.901849 
961.894767 
5112.709577 
1892.241828 
6536.841848 
-2963.675192 
10849.606078 
746.963177 
4098.318336 
4356.253271 
4802.023563 
4998.580473 
5802.952681 
3758.608385 
7147.915942 
3512.660997 
8774.927160 
8173.003028 
8824.326263 
4295.416908 
12694.511563 
12660.746617 
10355.141904 
18012.333948 
15484.388414 
27545.388953 
32667.597981 
56762.957034 
174754.306024 
-156464.652455 
-26990.850574 
-24375.815760 
-18068.464275 
-11138.817439 
-11831.556372 
-9828.804131 
-6132.959165 
-8507.573931 
-5416.572675 
-5457.406350 
-4054.502362 
-3400.358557 
-4155.470639 
-4157.566889 
-4529.156414 
-59.629351 
-5954.300425 
-1086.775421 
-2367.769657 
-2669.765604 
-1266.798882 
-1081.934978 
409.784559 
-5201.046975 
463.711475 
1639.638290 
-3708.406446 
-25.782793 
-931.546818 
-518.912141 
2133.924533 
-2546.955877 
1322.644116 
-1118.215436 
1077.666630 
1862.951917 
-808.834346 
-995.477158 
4511.892625 
-518.081172 
105.257707 
1955.615025 
1722.730972 
554.484128 
1317.691589 
4693.492716 
-583.870914 
3448.028262 
3480.102691 
3008.348912 
687.511621 
3544.873274 
3088.183334 
3471.724171 
6281.126387 
3072.553853 
6725.762936 
7631.259663 
6932.909868 
12224.300477 
14323.668684 
17991.213244 
108219.930727 
101969.289445 
15300.177342 
19502.994198 
9985.879911 
8341.628064 
8482.560636 
3666.716675 
7780.020374 
3201.428245 
4351.447043 
3598.530016 
2436.138823 
6006.710224 
1891.579901 
1921.279346 
2317.255568 
2700.344012 
2864.990490 
71.946789 
5818.670744 
1475.631957 
492.539259 
3257.388081 
993.567533 
2103.622583 
3013.979981 
-155.607228 
4808.673798 
-579.606896 
6573.827452 
-484.733631 
3043.667751 
1814.927788 
218.401210 
6453.943353 
-328.683121 
6057.974843 
27.495907 
2294.084914 
5294.336172 
514.682110 
4780.337431 
375.030093 
3843.800056 
6453.023057 
1314.492290 
5364.123565 
2741.362537 
5063.695420 
2832.246920 
5161.093769 
6585.155650 
4551.121769 
5634.049440 
6792.423103 
6602.312267 
9426.085518 
8154.463695 
12679.308905 
11477.086858 
17051.277852 
27848.958050 
25284.145720 
156532.711250 
-1133.930703 
145.039904 
1260.845951 
-168.918916 
2714.646192 
-3087.995536 
3021.130635 
2843.245766 
-2431.641287 
2611.768823 
1925.901306 
-72.214500 
2648.764684 
880.857888 
-738.730635 
2013.748030 
2455.047571 
-1229.212269 
975.370130 
1845.087653 
3781.985892 
-675.524513 
5269.245195 
483.291103 
-754.220494 
4461.418492 
-1690.162323 
6512.010704 
1680.752549 
-1326.186309 
3285.784878 
1815.967405 
1699.778965 
7967.631420 
-4179.783874 
7122.737171 
-1801.918747 
9047.538239 
-2542.162898 
7070.160315 
-2213.261272 
10798.488107 
35.065313 
3510.891434 
6246.032712 
3398.106455 
3439.815647 
7732.442389 
792.991098 
9271.862359 
2959.509166 
9626.333558 
5489.450197 
9054.743066 
7236.364736 
11429.388435 
13172.178990 
11466.553529 
17192.187211 
16499.631775 
27819.128018 
35004.588392 
57259.028842 
192308.749158 
108938.047307 
13927.567153 
20752.156333 
10287.430701 
10169.022565 
4594.770855 
9150.922166 
7604.452680 
869.016132 
7970.220570 
2640.964653 
5163.610685 
2174.042375 
7048.957618 
-1148.997091 
3528.452992 
5158.111529 
428.502141 
2010.535274 
3860.815931 
5159.292010 
1332.145494 
5914.928655 
1967.093118 
-507.329512 
4268.904656 
1642.271960 
5140.123940 
2642.812977 
349.403354 
3246.207903 
3350.054467 
1836.497778 
8399.578677 
-2207.129728 
6613.261967 
-396.907693 
6261.879535 
1370.236222 
6572.692187 
-3012.717125 
11423.492135 
-397.832524 
5181.201079 
3917.190212 
4645.055315 
5121.673625 
6208.009227 
2933.943946 
7503.523853 
3964.340559 
8347.913461 
8332.938554 
8071.849611 
5365.860476 
12268.883266 
12702.378954 
10400.324557 
17997.741257 
15480.953005 
27888.423545 
32155.783670 
56451.356117 
173722.851603 
-155557.881966 
-26470.611275 
-25142.318143 
-17798.288613 
-11237.992312 
-11935.221788 
-9424.711106 
-6827.744406 
-8022.433153 
-5651.983350 
-5469.823618 
-4060.236823 
-4059.609608 
-4278.590424 
-3792.906408 
-4550.724569 
-548.599920 
-5707.062782 
-1045.190462 
-3122.687706 
-2848.211206 
-918.987042 
-1783.109169 
333.959803 
-5073.924148 
-24.112509 
1433.517348 
-4097.176817 
221.073043 
-2047.818796 
-256.040575 
1361.059789 
-2452.486142 
1270.250188 
-2151.439607 
1178.521818 
509.141735 
-413.536976 
-1267.382610 
3230.568693 
-510.071745 
-453.625065 
1654.578756 
1114.862780 
-657.970178 
1200.382325 
3190.389904 
-877.244605 
2368.332590 
2480.672676 
2070.629623 
-661.459660 
2509.575984 
1695.431781 
1957.666263 
4299.066649 
976.864506 
4467.166799 
4271.775680 
3793.020325 
7446.720697 
6956.022111 
10659.955016 
60703.950841 
101138.040691 
15217.652790 
19133.372176 
9778.664961 
8057.312270 
8252.740481 
3629.414318 
7500.301001 
3027.435763 
4186.721689 
3495.619754 
2182.094887 
5817.265841 
1773.316460 
1695.221146 
2137.869850 
2516.602684 
2705.277005 
-149.521980 
5574.741312 
1428.980001 
229.133891 
3018.911360 
943.280668 
1854.495608 
2830.501267 
-279.788396 
4598.679425 
-761.111470 
6280.909125 
-549.289742 
2825.042327 
1681.975987 
37.135173 
6277.697316 
-445.067845 
5878.514279 
-127.667180 
2168.627754 
5113.755215 
415.038299 
4582.534417 
290.926123 
3701.260554 
6305.195131 
1221.752895 
5265.985197 
2589.079857 
4910.584195 
2846.121183 
5095.832210 
6414.438357 
4502.901825 
5601.175600 
6670.954022 
6581.395576 
9410.175444 
8070.797210 
12609.963243 
11524.675119 
17015.747037 
27809.189930 
25139.583910 
155607.426182 
-1145.748138 
380.889598 
1338.668951 
34.743779 
2841.099826 
-2903.175763 
3002.982725 
3220.150611 
-1963.694433 
2349.933247 
2225.174324 
114.953286 
2793.918125 
1176.295264 
-696.942745 
1864.057272 
3268.406355 
-1729.191252 
1452.693196 
2006.720222 
3869.476433 
-627.384675 
5581.949481 
159.253561 
18.766085 
3987.755732 
-1377.389246 
6753.410010 
1426.822955 
-572.353509 
2736.272180 
2292.448429 
1655.925052 
7863.840944 
-3488.480254 
6514.294687 
-1037.187204 
8543.563725 
-2242.833239 
7100.412238 
-2049.782971 
10474.017863 
709.353773 
2993.658107 
6588.061356 
3435.038667 
3451.951329 
7619.793703 
1116.616081 
9199.465464 
2740.909779 
9841.563469 
5438.629360 
9428.823171 
6678.272678 
11626.240086 
13084.896759 
11397.985515 
17156.855950 
16379.018941 
27548.352563 
35138.371179 
57273.406590 
192240.546641 
109508.851625 
14088.767166 
20923.301824 
10406.384822 
10298.537652 
4662.682386 
9263.768742 
7718.171220 
855.464379 
8055.725816 
2697.123935 
5253.164686 
2251.779823 
7015.584572 
-1014.680719 
3546.059986 
5166.632937 
526.831564 
1982.796715 
4027.388429 
4983.414932 
1594.893427 
5691.037551 
2215.042376 
-639.973286 
4421.733393 
1497.659699 
5291.520084 
2620.165523 
339.474020 
3355.168251 
3254.940670 
1895.000935 
8463.581403 
-2270.092663 
6573.482514 
-267.708773 
6181.496000 
1458.502234 
6527.490299 
-3070.568207 
11628.924337 
-600.082289 
5218.559268 
4064.426989 
4490.955632 
5085.973150 
6396.857279 
2863.129317 
7344.701625 
4099.592208 
8427.733229 
8350.373733 
7832.168949 
5455.645680 
12276.766861 
12780.109735 
10405.932012 
18071.806903 
15370.913542 
27940.610668 
31978.830202 
56291.039789 
173193.042831 
-155086.697789 
-26368.891415 
-25106.387088 
-17753.146463 
-11299.502890 
-11927.539001 
-9291.139319 
-6918.402153 
-7893.754640 
-5695.344287 
-5305.054978 
-4141.628844 
-3948.284886 
-4206.182258 
-3715.593639 
-4537.137136 
-466.540705 
-5635.216469 
-994.319937 
-3004.122330 
-2733.510702 
-873.015335 
-1695.318596 
508.479089 
-5002.499929 
106.367313 
1529.215851 
-3906.242391 
326.868149 
-1912.922103 
-103.805346 
1476.222150 
-2223.364386 
1382.687598 
-1924.999388 
1339.482399 
736.668304 
-247.365957 
-1049.240331 
3442.099711 
-283.503401 
-214.572302 
1852.382657 
1407.261960 
-388.661500 
1417.280698 
3513.324567 
-635.057656 
2705.300711 
2792.230068 
2354.476991 
-296.748685 
2803.384225 
2082.671905 
2334.927204 
4619.669292 
1411.365766 
4864.169250 
4661.033931 
4246.688766 
7880.015466 
7369.034692 
10993.908267 
59943.860863 
103628.491507 
15325.907377 
19189.079784 
9780.907728 
7963.300174 
8298.995748 
3594.223602 
7462.903742 
3088.500318 
4184.573581 
3485.659300 
2247.095327 
5823.515239 
1836.254979 
1755.648534 
2170.887386 
2583.734561 
2779.593164 
-85.940117 
5695.643310 
1451.805677 
329.315579 
3105.210470 
990.496271 
1978.295495 
2899.788162 
-184.875772 
4678.956536 
-652.800235 
6347.926022 
-424.142381 
2835.426289 
1832.446387 
86.032961 
6405.394421 
-342.112409 
5923.964445 
-30.467543 
2256.932900 
5211.134808 
427.884498 
4681.601465 
406.803898 
3725.280935 
6392.724946 
1289.947428 
5322.558919 
2660.618238 
5002.654541 
2875.351380 
5121.353013 
6425.313989 
4672.366655 
5523.549463 
6783.731633 
6496.059585 
9603.366773 
7949.585310 
12665.484029 
11620.391222 
16987.091278 
27804.945687 
25047.927553 
155138.408851 
110479.067713 
14173.959600 
20864.998265 
10426.646180 
9460.176964 
5769.836799 
9270.602901 
5954.710028 
894.731787 
8103.851291 
2226.993898 
5461.291075 
1269.366123 
6522.660213 
-238.982348 
3783.533870 
2835.622661 
2344.397968 
1285.454393 
3199.738026 
4512.403038 
1803.243847 
4037.469249 
3442.968478 
-2702.757677 
5817.425827 
674.228877 
4136.347253 
2746.482144 
-673.474905 
4733.311027 
934.870838 
2801.465677 
6263.321273 
-2132.877039 
6220.767130 
-1178.463067 
5324.813992 
1049.317437 
5746.009657 
-3442.678003 
10726.684657 
-3136.046148 
6476.892198 
1688.891575 
3482.461215 
4260.639288 
4815.039850 
1792.754223 
4638.881081 
3956.999844 
5452.079599 
6754.230026 
3559.095353 
5668.152884 
7938.875166 
9248.047519 
7136.543776 
12896.043902 
10990.083475 
20707.624419 
20347.501463 
37078.631555 
122511.404918 
-110261.912435 
-10937.045278 
-20914.758199 
-12251.255948 
-9594.321098 
-2628.933686 
-8534.266697 
-1990.472077 
-6545.777995 
-979.833646 
-6185.018836 
-3298.742091 
-72.496985 
-917.955512 
-5078.684791 
-3606.525174 
705.345240 
-1774.609059 
436.356682 
-1237.330362 
-6998.689137 
5410.300387 
-5509.749053 
1012.454338 
1158.140884 
-1886.804764 
545.805437 
-2892.035008 
349.662776 
-868.616240 
-4446.258558 
6819.076180 
-1708.676741 
2311.318131 
-6068.701630 
7263.711721 
-204.910004 
-4384.804035 
5359.226717 
-3961.722610 
6227.964231 
-4982.266962 
1413.374345 
6355.479981 
-4689.800277 
1614.859323 
6124.836312 
-3058.650255 
1509.573965 
4303.226032 
375.948858 
-1812.991518 
1321.844299 
1955.936165 
966.003677 
6389.123609 
-1948.110923 
432.455125 
1939.310192 
160.671805 
1611.894078 
413.904623 
2266.080003 
3344.458038 
108735.980108 
14281.339269 
20056.790651 
10586.959700 
8567.146084 
6860.492119 
7022.774633 
6725.648348 
3727.135942 
4716.069435 
2597.374205 
5702.818429 
453.602708 
7543.309796 
-771.249284 
1469.868269 
6359.612105 
-1160.829709 
2952.318071 
2876.680581 
3427.077345 
1127.098410 
4180.749813 
75.054109 
2015.828100 
254.266320 
3139.994900 
2507.763132 
137.628809 
3625.388229 
-461.247767 
3046.869184 
1224.105971 
2359.562541 
3245.752761 
-265.806601 
3230.209639 
-913.947338 
3171.127703 
3360.057054 
-2197.717080 
4547.190453 
1255.529328 
1589.709211 
982.456414 
2966.706984 
2919.411501 
821.125358 
3999.265387 
1151.544276 
1267.022564 
3583.662893 
4494.866141 
3786.440192 
-414.042601 
5871.392064 
4595.385494 
3394.516778 
7451.796428 
5886.768761 
10724.142052 
11615.645374 
20767.391613 
65138.112753 
-60291.899468 
-9632.004266 
-8375.517996 
-6694.679989 
-3575.910748 
-4233.143309 
-3655.244695 
-1874.040735 
-3131.302673 
-2071.784023 
-1598.062443 
-1934.991976 
-495.511365 
-2069.324825 
-1290.906680 
-2036.975955 
231.795072 
-2324.133843 
-691.510083 
-507.196445 
-1251.460750 
-420.105647 
-551.881973 
522.444840 
-2456.573260 
621.267116 
383.397852 
-1016.565173 
-187.709355 
294.323034 
-437.756407 
1354.652793 
-962.636740 
640.162975 
150.883418 
359.394281 
1561.440865 
-172.230661 
-249.381143 
2741.914490 
-31.428409 
952.804573 
521.473187 
1849.084796 
908.462860 
984.648113 
2745.142430 
176.272606 
2436.213698 
1744.906292 
2488.704703 
1259.759180 
1937.837397 
2516.649351 
2414.693326 
3790.445927 
2103.313215 
4585.749137 
4613.942133 
4058.149273 
7338.484027 
8997.016699 
10156.666811 
58203.661632 
109513.917877 
14887.145425 
20532.705023 
11096.098845 
9062.826758 
7275.667508 
7317.345129 
7460.696734 
4360.432888 
4764.602131 
3126.734786 
6161.143712 
916.063303 
8023.572742 
-429.730150 
1516.486497 
7439.544644 
-1438.177481 
3575.471667 
3454.417799 
3513.713049 
1676.493800 
4421.049831 
210.830999 
2852.554057 
131.890168 
3474.667920 
3155.164284 
22.588191 
4555.166263 
-684.363976 
3614.163988 
1454.890463 
2526.987913 
4060.433355 
-679.935652 
4308.104194 
-1286.181040 
3783.536531 
3568.508531 
-1900.507598 
4655.264448 
1988.464417 
1282.155269 
1736.310858 
3059.866582 
3127.046695 
1135.705903 
4545.710951 
1115.521245 
1437.149500 
4143.419835 
4721.279449 
4209.609705 
-629.272456 
6380.793541 
4847.141836 
3643.495449 
7821.841602 
5935.131456 
10867.371413 
11960.360742 
21066.506301 
65578.694827 
-58665.491557 
-9116.118243 
-7981.194388 
-6237.846970 
-3194.632318 
-3648.665314 
-3313.829325 
-1304.578548 
-2657.951364 
-1558.536227 
-1169.779471 
-1320.848638 
-42.166493 
-1535.663297 
-745.317525 
-1493.361773 
765.570636 
-1720.691043 
-203.743270 
174.954328 
-788.088282 
195.943632 
18.242986 
1055.334783 
-1869.297727 
1196.367396 
981.202694 
-464.706111 
446.346223 
840.358597 
157.189072 
1884.200607 
-350.712129 
1178.609647 
731.223154 
992.300596 
2094.191764 
403.034932 
318.918302 
3316.571157 
458.028280 
1497.507242 
1153.066341 
2269.192207 
1545.407261 
1462.539244 
3309.110629 
681.483634 
2965.716532 
2267.584270 
2953.155223 
1663.649654 
2574.806181 
2861.025344 
2922.791331 
4152.790345 
2743.731481 
4801.376908 
5151.082522 
4497.246907 
7716.550058 
9333.956801 
10498.863955 
58724.840498 
-1224.883681 
710.436836 
844.870689 
366.336537 
2087.013937 
-1634.378375 
1516.412438 
3199.007474 
57.944614 
220.636166 
2188.058604 
403.249980 
1990.391304 
1637.926748 
-643.563712 
243.418295 
4815.150858 
-3315.532167 
2227.961168 
1645.927391 
2449.668834 
-616.803550 
4511.442119 
-1516.124984 
2535.361697 
395.621811 
91.487245 
4821.139353 
-328.344284 
1952.361889 
-527.647822 
2826.874239 
644.083011 
4216.888175 
77.785587 
1597.742417 
1679.051267 
3385.188734 
-686.267894 
4395.378109 
-1096.098768 
5192.302932 
2695.806807 
-322.354403 
5020.216008 
2175.082441 
1902.611668 
4044.684586 
1840.994961 
5237.278895 
640.469380 
6896.937991 
2929.061153 
7281.581962 
1981.161003 
7984.163505 
7835.087783 
6892.709689 
10693.191135 
10009.493421 
16568.061474 
23208.059902 
36964.725049 
125222.288583 
-112832.632415 
-11740.309361 
-19481.090383 
-11344.503185 
-8971.310324 
-2637.846993 
-7393.830062 
-30.108119 
-8954.340500 
-259.139007 
-6617.176837 
-2817.429148 
1018.221805 
868.297198 
-7282.743906 
-3008.442490 
2439.928995 
-4196.333265 
381.938868 
1169.264304 
-8523.993901 
3952.683155 
-1926.599540 
-2437.690108 
4322.131280 
-5307.680602 
3170.333827 
-2748.873400 
-3555.921016 
2193.831993 
-5893.504799 
7374.490626 
-5624.990695 
4242.921936 
-6140.279343 
6126.179352 
1038.445998 
-5874.318109 
6335.168883 
-6351.225301 
5477.532811 
-3711.569377 
-1614.269930 
8108.775847 
-4877.578224 
-45.217443 
5953.335577 
-4197.350096 
1471.251754 
6505.453580 
-1656.271651 
-2043.762746 
993.415012 
4701.175648 
-281.240928 
8934.769937 
-2539.753851 
3784.501624 
2030.464335 
4220.803426 
6204.843572 
9783.617601 
7870.830216 
60173.820989 
108567.278988 
13759.662838 
19762.001747 
9919.524056 
8594.626677 
5191.820259 
7263.355538 
6642.042588 
2086.147999 
4574.054261 
2429.922348 
4860.481193 
360.969575 
6858.002235 
-1738.422290 
1019.557573 
6193.923058 
-2413.668082 
2356.140985 
2551.064454 
3092.712248 
399.105764 
4458.867067 
-572.322556 
589.988029 
754.467424 
1498.308730 
3485.276997 
-318.292904 
2094.505853 
-259.620000 
2091.024007 
983.825091 
3702.660886 
824.503321 
576.590954 
1879.669109 
688.133570 
1172.772587 
4423.072569 
-4047.730082 
7022.061945 
-337.701701 
1716.241529 
1986.124404 
2507.285003 
2737.658345 
2373.893220 
2805.926542 
2582.182388 
1160.282091 
5595.913418 
4881.390001 
4751.796240 
924.686589 
8053.179385 
7447.835521 
5596.101004 
11445.357752 
9549.882530 
18016.715147 
20530.976769 
35982.158617 
121683.282373 
-408.008431 
1107.980994 
730.431432 
530.165705 
2014.716733 
-1768.943360 
653.974093 
4181.185236 
984.853567 
-1825.993344 
2610.691833 
367.458752 
1890.202408 
1853.507358 
-1160.957041 
-1516.923472 
7551.148863 
-6392.275930 
3145.688336 
1961.581186 
984.652373 
-321.177631 
4002.387741 
-3119.918532 
4566.556060 
-2346.275389 
209.213469 
5335.991861 
-2449.988050 
4129.673351 
-3307.326687 
3543.190904 
-191.520637 
3096.314733 
2047.614240 
-2021.634756 
4543.110262 
213.895313 
18.837736 
3724.557930 
-1451.838947 
3805.272257 
4335.072116 
-3218.910017 
6384.936105 
1180.399210 
1230.202662 
3501.958562 
2811.347294 
3635.520882 
-265.115876 
7795.400010 
2303.030235 
7774.173120 
-490.189825 
8821.689726 
7452.966918 
6524.407210 
10633.084043 
9304.344743 
15700.134888 
23644.670548 
36761.232898 
125250.832044 
108141.705696 
13910.694907 
19692.167116 
10094.233091 
8435.700665 
5871.557014 
7051.092741 
6544.146049 
2912.214547 
4486.167483 
2470.027906 
5143.553254 
404.784349 
7238.147306 
-1403.188685 
1052.944785 
6595.037346 
-2192.418491 
2874.261461 
2558.577362 
3392.378949 
613.555535 
4535.171437 
-522.005272 
1569.472635 
386.209226 
2412.896634 
3102.662285 
-163.964441 
3121.594038 
-458.996304 
2674.697530 
1194.378542 
3097.741480 
2255.773333 
156.400167 
2774.475697 
-35.422881 
2209.931151 
4124.851545 
-2910.866717 
5749.101799 
906.515110 
1620.059904 
1811.608291 
2913.906449 
3045.961806 
1794.571690 
3621.201636 
2245.268301 
1250.808333 
4945.077836 
4910.184049 
4792.971615 
416.531404 
7285.807030 
6250.479669 
4872.972997 
9785.854271 
8160.858708 
14820.161588 
16705.818307 
28929.922431 
95844.411272 
